#Layer_Physical_Order=8
#Layer_Color=16737945
#
#Feature symbol names
#
$0 r4
$1 r4.5
$2 r20
$3 r6.4
$4 r6
$5 r10
$6 r16
$7 r18
$8 r17

#
#Feature attribute names
#
@0 .geometry
@1 .pad_usage
@2 .nomenclature
@3 .string
@4 .string_angle

#
#Feature attribute text strings
#
&0 Layer 8 - Signal (Copper)
&1 VIA_RoundD16.0000H6.0000C22.0000
&2 VIA_RoundD18.0000H8.0000C24.0000
&3 VIA_RoundD17.0000H7.0000C23.0000

#
#Layer features
#
L 0.3110236 0.7755906 0.4448818 0.9094488 3 P 0
L 0.4448818 0.9094488 0.5826772 0.9094488 3 P 0
L 0.515748 0.5984252 0.515748 0.6574803 4 P 0
L 0.515748 0.5984252 0.519685 0.5944882 4 P 0
L 0.515748 0.6574803 0.531496 0.6732283 4 P 0
L 0.519685 0.5944882 0.8622048 0.5944882 4 P 0
L 0.531496 0.6732283 0.5314961 0.6732283 4 P 0
L 0.5314961 0.6417323 0.5472441 0.6259843 4 P 0
L 0.5314961 0.7047244 0.5472441 0.6889764 4 P 0
L 0.5472441 0.6259843 0.8267717 0.6259843 4 P 0
L 0.5472441 0.6889764 0.5787402 0.6889764 4 P 0
L 0.5629921 0.7047244 0.5905512 0.7322835 4 P 0
L 0.5629921 0.8307087 0.5905511 0.8582677 4 P 0
L 0.5787402 0.6889764 0.6259843 0.6417323 4 P 0
L 0.5787402 0.7480315 0.5787402 0.7519685 4 P 0
L 0.5787402 0.7480315 0.5905512 0.7362205 4 P 0
L 0.5787402 0.7519685 0.5866142 0.7598425 4 P 0
L 0.5826772 0.7913385 0.5826772 0.7952756 4 P 0
L 0.5826772 0.7913385 0.6141732 0.7598425 4 P 0
L 0.5826772 0.7952756 0.5905512 0.8031496 4 P 0
L 0.5826772 0.9094488 0.5984252 0.8937008 3 P 0
L 0.5866142 0.7598425 0.5905512 0.7598425 4 P 0
L 0.5905511 0.8582677 0.6338583 0.8582677 4 P 0
L 0.5905512 0.7322835 0.5905512 0.7362205 4 P 0
L 0.5905512 0.7598425 0.6023622 0.7480315 4 P 0
L 0.5905512 0.8031496 0.5944882 0.8031496 4 P 0
L 0.5944882 0.8031496 0.6259843 0.7716535 4 P 0
L 0.6023622 0.7480315 0.6062992 0.7480315 4 P 0
L 0.6062992 0.7480315 0.6141732 0.7559055 4 P 0
L 0.6102362 0.6811024 0.6102362 0.6850394 4 P 0
L 0.6102362 0.6811024 0.6377953 0.6535433 4 P 0
L 0.6102362 0.6850394 0.6417323 0.7165355 4 P 0
L 0.6141732 0.7559055 0.6141732 0.7598425 4 P 0
L 0.6259843 0.6417323 0.6299213 0.6417323 4 P 0
L 0.6259843 0.7362205 0.6259843 0.7401575 4 P 0
L 0.6259843 0.7362205 0.6417323 0.7204725 4 P 0
L 0.6259843 0.7401575 0.6338583 0.7480315 4 P 0
L 0.6259843 0.7716535 0.6299213 0.7716535 4 P 0
L 0.6259843 0.7992126 0.6259843 0.8031496 4 P 0
L 0.6259843 0.7992126 0.6417323 0.7834646 4 P 0
L 0.6259843 0.8031496 0.6377953 0.8149606 4 P 0
L 0.6299213 0.6417323 0.6377953 0.6496063 4 P 0
L 0.6299213 0.7716535 0.6299213 0.7716536 4 P 0
L 0.6299213 0.7716536 0.6417323 0.7834646 4 P 0
L 0.6338583 0.7480315 0.6377953 0.7480315 4 P 0
L 0.6338583 0.8582677 0.6456693 0.8464567 4 P 0
L 0.6377953 0.6496063 0.6377953 0.6535433 4 P 0
L 0.6377953 0.7480315 0.6535433 0.7322835 4 P 0
L 0.6377953 0.8149606 0.6732283 0.8149606 4 P 0
L 0.6417323 0.7165355 0.6417323 0.7204725 4 P 0
L 0.6456693 0.8464567 0.7559055 0.8464567 4 P 0
L 0.6535433 0.7322835 0.6574803 0.7322835 4 P 0
L 0.6574803 0.6732283 0.6574803 0.6732284 4 P 0
L 0.6574803 0.6732283 0.6732283 0.6574803 4 P 0
L 0.6574803 0.7322835 0.6771653 0.7519685 4 P 0
L 0.6574803 0.8622047 0.6732283 0.8779527 4 P 0
L 0.6574803 0.988189 0.6732283 0.972441 4 P 0
L 0.6574803 1.019685 0.6732283 1.003937 4 P 0
L 0.6692913 0.3031496 0.6692913 0.3070865 1 P 0
L 0.6692913 0.3070865 0.8818898 0.519685 1 P 0
L 0.6732283 0.6456693 0.6732283 0.6574803 4 P 0
L 0.6732283 0.6456693 0.6771653 0.6417323 4 P 0
L 0.6732283 0.8149606 0.7047243 0.7834646 4 P 0
L 0.6732283 0.8779527 0.7834646 0.8779527 4 P 0
L 0.6732283 0.9724409 0.6732283 0.972441 4 P 0
L 0.6732283 0.9724409 0.8622046 0.9724409 4 P 0
L 0.6732283 1.003937 0.7834646 1.003937 4 P 0
L 0.6771653 0.6417323 0.6968504 0.6417323 4 P 0
L 0.6771653 0.7519685 0.7362205 0.7519685 4 P 0
L 0.6889764 0.9251969 0.7047244 0.9094489 4 P 0
L 0.6889764 1.0826772 0.7047245 1.0669291 4 P 0
L 0.6929134 0.2559055 0.6929134 0.3070866 1 P 0
L 0.6929134 0.3070866 0.8897638 0.503937 1 P 0
L 0.6968504 0.6417323 0.7007874 0.6456693 4 P 0
L 0.7007874 0.6456693 0.7007874 0.6850394 4 P 0
L 0.7007874 0.6850394 0.7047244 0.6889764 4 P 0
L 0.7047243 0.7834646 0.7440945 0.7834646 4 P 0
L 0.7047244 0.1574803 0.7244094 0.1771653 1 P 0
L 0.7047244 0.6889764 0.7322835 0.6889764 4 P 0
L 0.7047244 0.9094488 0.7047244 0.9094489 4 P 0
L 0.7047244 0.9094488 0.7637795 0.9094488 4 P 0
L 0.7047245 1.0669291 1.0314961 1.0669291 4 P 0
L 0.7165354 0.2322835 0.7165354 0.2677165 1 P 0
L 0.7165354 0.2322835 0.7244094 0.2244095 1 P 0
L 0.7165354 0.2677165 0.7401575 0.2913386 1 P 0
L 0.7244094 0.1771653 0.7244094 0.2244095 1 P 0
L 0.7283465 0.1259843 0.7401575 0.1377953 1 P 0
L 0.7322835 0.6889764 0.7362205 0.6850394 4 P 0
L 0.7362205 0.6614173 0.7362205 0.6850394 4 P 0
L 0.7362205 0.6614173 0.7401575 0.6574803 4 P 0
L 0.7362205 0.7519685 0.7440945 0.7598425 4 P 0
L 0.7401575 0.1377953 0.7401575 0.2125984 1 P 0
L 0.7401575 0.2125984 0.7637795 0.2362204 1 P 0
L 0.7401575 0.2913386 0.7401575 0.3228347 1 P 0
L 0.7401575 0.3228347 0.8937008 0.476378 1 P 0
L 0.7401575 0.6574803 0.7637795 0.6574803 4 P 0
L 0.7440945 0.7598425 0.8267717 0.7598425 4 P 0
L 0.7440945 0.7834646 0.7519685 0.7913386 4 P 0
L 0.7519685 0.7913386 0.9488189 0.7913386 4 P 0
L 0.7559055 0.8464567 0.7795276 0.8228346 4 P 0
L 0.7637795 0.2362204 0.7637795 0.2677165 1 P 0
L 0.7637795 0.2677165 0.7874016 0.2913386 1 P 0
L 0.7637795 0.6574803 0.7677165 0.6614173 4 P 0
L 0.7637795 0.9094488 0.7677165 0.9133858 4 P 0
L 0.7677165 0.6614173 0.7677165 0.7322835 4 P 0
L 0.7677165 0.7322835 0.7716535 0.7362205 4 P 0
L 0.7677165 0.9133858 0.7677165 0.9251969 4 P 0
L 0.7677165 0.9251969 0.7716535 0.9291339 4 P 0
L 0.7716535 0.7362205 0.7834646 0.7362205 4 P 0
L 0.7716535 0.9291339 0.7834646 0.9291339 4 P 0
L 0.7755906 0.2047244 0.8110236 0.2401574 1 P 0
L 0.7795276 0.8228346 0.8031496 0.8228346 4 P 0
L 0.7834646 0.7362205 0.7874016 0.7322835 4 P 0
L 0.7834646 0.8779527 0.7874016 0.8740157 4 P 0
L 0.7834646 0.9291339 0.7874016 0.9251969 4 P 0
L 0.7834646 1.003937 0.7874016 1.007874 4 P 0
L 0.7874016 0.2913386 0.7874016 0.3425197 1 P 0
L 0.7874016 0.3425197 0.9015748 0.4566929 1 P 0
L 0.7874016 0.6614173 0.7874016 0.7322835 4 P 0
L 0.7874016 0.6614173 0.7913386 0.6574803 4 P 0
L 0.7874016 0.8622047 0.7874016 0.8740157 4 P 0
L 0.7874016 0.8622047 0.7913386 0.8582677 4 P 0
L 0.7874016 0.8937008 0.7874016 0.9251969 4 P 0
L 0.7874016 0.8937008 0.7913386 0.8897638 4 P 0
L 0.7874016 1.007874 0.7874016 1.015748 4 P 0
L 0.7874016 1.015748 0.7913386 1.019685 4 P 0
L 0.7913386 0.6574803 0.8031496 0.6574803 4 P 0
L 0.7913386 0.8582677 0.8031496 0.8582677 4 P 0
L 0.7913386 0.8897638 0.8031496 0.8897638 4 P 0
L 0.7913386 1.019685 0.8031496 1.019685 4 P 0
L 0.7992126 0.1259843 0.7992126 0.1889764 1 P 0
L 0.7992126 0.1889764 0.8267717 0.2165355 1 P 0
L 0.8031496 0.6574803 0.8070866 0.6614173 4 P 0
L 0.8031496 0.8228346 0.8031496 0.8228347 4 P 0
L 0.8031496 0.8228347 0.8070866 0.8267717 4 P 0
L 0.8031496 0.8582677 0.8070866 0.8622047 4 P 0
L 0.8031496 0.8897638 0.8070866 0.8937008 4 P 0
L 0.8031496 1.019685 0.8070866 1.015748 4 P 0
L 0.8070866 0.6614173 0.8070866 0.7125984 4 P 0
L 0.8070866 0.7125984 0.8110236 0.7165354 4 P 0
L 0.8070866 0.8267717 0.8070866 0.8385827 4 P 0
L 0.8070866 0.8385827 0.8110236 0.8425197 4 P 0
L 0.8070866 0.8622047 0.8070866 0.8740158 4 P 0
L 0.8070866 0.8740158 0.8110236 0.8779528 4 P 0
L 0.8070866 0.8937008 0.8070866 0.9251969 4 P 0
L 0.8070866 0.9251969 0.8110236 0.9291339 4 P 0
L 0.8070866 0.992126 0.8070866 1.015748 4 P 0
L 0.8070866 0.992126 0.8110236 0.988189 4 P 0
L 0.8110236 0.2401574 0.8110236 0.2755906 1 P 0
L 0.8110236 0.2755906 0.8307087 0.2952757 1 P 0
L 0.8110236 0.7165354 0.8228347 0.7165354 4 P 0
L 0.8110236 0.8425197 0.8228346 0.8425197 4 P 0
L 0.8110236 0.8779528 0.8228346 0.8779528 4 P 0
L 0.8110236 0.9291339 0.8228347 0.9291339 4 P 0
L 0.8110236 0.988189 0.8228346 0.988189 4 P 0
L 0.8228346 0.8425197 0.8267716 0.8385827 4 P 0
L 0.8228346 0.8779528 0.8267717 0.8740157 4 P 0
L 0.8228346 0.988189 0.8267716 0.992126 4 P 0
L 0.8228347 0.7165354 0.8267717 0.7125984 4 P 0
L 0.8228347 0.9291339 0.8267717 0.9251969 4 P 0
L 0.8267716 0.8385827 0.8267717 0.8385827 4 P 0
L 0.8267716 0.992126 0.8267717 0.992126 4 P 0
L 0.8267717 0.2165355 0.8267717 0.2677166 1 P 0
L 0.8267717 0.2677166 0.8503937 0.2913386 1 P 0
L 0.8267717 0.6259843 0.8307087 0.6220473 4 P 0
L 0.8267717 0.6732283 0.8267717 0.7125984 4 P 0
L 0.8267717 0.6732283 0.8307087 0.6692913 4 P 0
L 0.8267717 0.7598425 0.8346457 0.7519685 4 P 0
L 0.8267717 0.8110236 0.8267717 0.8385827 4 P 0
L 0.8267717 0.8110236 0.8307087 0.8070866 4 P 0
L 0.8267717 0.8622047 0.8267717 0.8740157 4 P 0
L 0.8267717 0.8622047 0.8307087 0.8582677 4 P 0
L 0.8267717 0.8937008 0.8267717 0.9251969 4 P 0
L 0.8267717 0.8937008 0.8307087 0.8897638 4 P 0
L 0.8267717 0.992126 0.8267717 1.015748 4 P 0
L 0.8267717 1.015748 0.8307087 1.019685 4 P 0
L 0.8307087 0.2952757 0.8307087 0.3503937 1 P 0
L 0.8307087 0.3503937 0.9173229 0.4370079 1 P 0
L 0.8307087 0.6141732 0.8307087 0.6220473 4 P 0
L 0.8307087 0.6141732 0.8346457 0.6102362 4 P 0
L 0.8307087 0.6692913 0.8425197 0.6692913 4 P 0
L 0.8307087 0.8070866 0.8425197 0.8070866 4 P 0
L 0.8307087 0.8582677 0.8425197 0.8582677 4 P 0
L 0.8307087 0.8897638 0.8425197 0.8897638 4 P 0
L 0.8307087 1.019685 0.8425197 1.019685 4 P 0
L 0.8346457 0.6102362 0.8464567 0.6102362 4 P 0
L 0.8346457 0.7519685 0.8818898 0.7519685 4 P 0
L 0.8425197 0.6692913 0.8464567 0.6732283 4 P 0
L 0.8425197 0.8070866 0.8464567 0.8110236 4 P 0
L 0.8425197 0.8582677 0.8464567 0.8622047 4 P 0
L 0.8425197 0.8897638 0.8464567 0.8937008 4 P 0
L 0.8425197 1.019685 0.8464567 1.015748 4 P 0
L 0.8464567 0.1574803 0.8779528 0.1889764 1 P 0
L 0.8464567 0.2047244 0.8622047 0.2204724 1 P 0
L 0.8464567 0.6102362 0.8503937 0.6141732 4 P 0
L 0.8464567 0.6732283 0.8464567 0.7322835 4 P 0
L 0.8464567 0.7322835 0.8503937 0.7362205 4 P 0
L 0.8464567 0.8110236 0.8464567 0.8385827 4 P 0
L 0.8464567 0.8385827 0.8503937 0.8425197 4 P 0
L 0.8464567 0.8622047 0.8464567 0.8740158 4 P 0
L 0.8464567 0.8740158 0.8503937 0.8779528 4 P 0
L 0.8464567 0.8937008 0.8464567 0.9251969 4 P 0
L 0.8464567 0.9251969 0.8503937 0.9291339 4 P 0
L 0.8464567 1.007874 0.8464567 1.015748 4 P 0
L 0.8464567 1.007874 0.8503937 1.003937 4 P 0
L 0.8503937 0.2913386 0.8503937 0.3346456 1 P 0
L 0.8503937 0.3346456 0.9212599 0.4055118 1 P 0
L 0.8503937 0.6141732 0.8503937 0.6535433 4 P 0
L 0.8503937 0.6535433 0.8543307 0.6574803 4 P 0
L 0.8503937 0.7362205 0.8622047 0.7362205 4 P 0
L 0.8503937 0.8425197 0.8622047 0.8425197 4 P 0
L 0.8503937 0.8779528 0.8622046 0.8779528 4 P 0
L 0.8503937 0.9291339 0.8622047 0.9291339 4 P 0
L 0.8503937 1.003937 1 1.003937 4 P 0
L 0.8543307 0.6574803 0.8661417 0.6574803 4 P 0
L 0.8622046 0.8779528 0.8661417 0.8740157 4 P 0
L 0.8622046 0.9724409 0.8661417 0.976378 4 P 0
L 0.8622047 0.2204724 0.8622047 0.2401575 1 P 0
L 0.8622047 0.2401575 0.8897638 0.2677166 1 P 0
L 0.8622047 0.7362205 0.8661417 0.7322835 4 P 0
L 0.8622047 0.8425197 0.8661417 0.8385827 4 P 0
L 0.8622047 0.9291339 0.8661417 0.9251969 4 P 0
L 0.8622048 0.5944882 0.8779528 0.5787402 4 P 0
L 0.8661417 0.6574803 0.8700787 0.6535433 4 P 0
L 0.8661417 0.6732283 0.8661417 0.7322835 4 P 0
L 0.8661417 0.6732283 0.8700787 0.6692913 4 P 0
L 0.8661417 0.8188976 0.8661417 0.8385827 4 P 0
L 0.8661417 0.8188976 0.8700787 0.8149606 4 P 0
L 0.8661417 0.8622047 0.8661417 0.8740157 4 P 0
L 0.8661417 0.8622047 0.8700787 0.8582677 4 P 0
L 0.8661417 0.8937008 0.8661417 0.9251969 4 P 0
L 0.8661417 0.8937008 0.8700787 0.8897638 4 P 0
L 0.8661417 0.976378 0.8661417 0.984252 4 P 0
L 0.8661417 0.984252 0.8700787 0.988189 4 P 0
L 0.8700787 0.1259843 0.9291339 0.1850395 1 P 0
L 0.8700787 0.6141732 0.8700787 0.6535433 4 P 0
L 0.8700787 0.6141732 0.8740157 0.6102362 4 P 0
L 0.8700787 0.6692913 0.8818898 0.6692913 4 P 0
L 0.8700787 0.8149606 0.968504 0.8149606 4 P 0
L 0.8700787 0.8582677 0.8818898 0.8582677 4 P 0
L 0.8700787 0.8897638 0.8818898 0.8897638 4 P 0
L 0.8700787 0.988189 0.8818898 0.988189 4 P 0
L 0.8740157 0.6102362 0.8858268 0.6102362 4 P 0
L 0.8779528 0.1889764 0.8779528 0.222441 1 P 0
L 0.8779528 0.222441 0.9094488 0.253937 1 P 0
L 0.8779528 0.5669291 0.8779528 0.5787402 4 P 0
L 0.8779528 0.5669291 0.8818898 0.5629921 4 P 0
L 0.8818898 0.519685 0.9685039 0.519685 1 P 0
L 0.8818898 0.5629921 0.8937008 0.5629921 4 P 0
L 0.8818898 0.6692913 0.8858268 0.6732283 4 P 0
L 0.8818898 0.7519685 0.8858268 0.7559055 4 P 0
L 0.8818898 0.8582677 0.8858268 0.8622047 4 P 0
L 0.8818898 0.8897638 0.8858268 0.8937008 4 P 0
L 0.8818898 0.988189 0.8858268 0.984252 4 P 0
L 0.8858268 0.6102362 0.8897638 0.6141732 4 P 0
L 0.8858268 0.6732283 0.8858268 0.7165354 4 P 0
L 0.8858268 0.7165354 0.8897639 0.7204725 4 P 0
L 0.8858268 0.7559055 0.8858268 0.7637795 4 P 0
L 0.8858268 0.7637795 0.8897638 0.7677165 4 P 0
L 0.8858268 0.8622047 0.8858268 0.8740157 4 P 0
L 0.8858268 0.8740157 0.8897638 0.8779527 4 P 0
L 0.8858268 0.8937008 0.8858268 0.9251969 4 P 0
L 0.8858268 0.9251969 0.8897638 0.9291339 4 P 0
L 0.8858268 0.9645669 0.8858268 0.984252 4 P 0
L 0.8858268 0.9645669 0.8897638 0.9606299 4 P 0
L 0.8897638 0.2677166 0.8897638 0.3385827 1 P 0
L 0.8897638 0.3385827 0.9409449 0.3897638 1 P 0
L 0.8897638 0.503937 0.980315 0.503937 1 P 0
L 0.8897638 0.6141732 0.8897638 0.6535433 4 P 0
L 0.8897638 0.6535433 0.8937008 0.6574803 4 P 0
L 0.8897638 0.7677165 0.9015748 0.7677165 4 P 0
L 0.8897638 0.8779527 0.8897638 0.8779528 4 P 0
L 0.8897638 0.8779528 0.9015747 0.8779528 4 P 0
L 0.8897638 0.9291339 0.9015748 0.9291339 4 P 0
L 0.8897638 0.9606299 0.9015748 0.9606299 4 P 0
L 0.8897639 0.7204725 1 0.7204725 4 P 0
L 0.8937008 0.476378 0.976378 0.476378 1 P 0
L 0.8937008 0.5629921 0.8976378 0.5669291 4 P 0
L 0.8937008 0.6574803 0.9055118 0.6574803 4 P 0
L 0.8976378 0.5669291 0.8976378 0.5787402 4 P 0
L 0.8976378 0.5787402 0.9015748 0.5826772 4 P 0
L 0.9015747 0.8779528 0.9055118 0.8740157 4 P 0
L 0.9015748 0.4566929 0.988189 0.4566929 1 P 0
L 0.9015748 0.5826772 0.9133858 0.5826772 4 P 0
L 0.9015748 0.7677165 0.9055118 0.7637795 4 P 0
L 0.9015748 0.9291339 0.9055118 0.9251969 4 P 0
L 0.9015748 0.9606299 0.9055118 0.9645669 4 P 0
L 0.9055118 0.6574803 0.9094488 0.6535433 4 P 0
L 0.9055118 0.7401575 0.9055118 0.7637795 4 P 0
L 0.9055118 0.7401575 0.9094488 0.7362205 4 P 0
L 0.9055118 0.8622047 0.9055118 0.8740157 4 P 0
L 0.9055118 0.8622047 0.9094488 0.8582677 4 P 0
L 0.9055118 0.8937008 0.9055118 0.9251969 4 P 0
L 0.9055118 0.8937008 0.9094488 0.8897638 4 P 0
L 0.9055118 0.9645669 0.9055118 0.984252 4 P 0
L 0.9055118 0.984252 0.9094488 0.988189 4 P 0
L 0.9094488 0.253937 0.9094488 0.3228346 1 P 0
L 0.9094488 0.3228346 0.9606299 0.3740157 1 P 0
L 0.9094488 0.6141732 0.9094488 0.6535433 4 P 0
L 0.9094488 0.6141732 0.9133858 0.6102362 4 P 0
L 0.9094488 0.7362205 0.9212598 0.7362205 4 P 0
L 0.9094488 0.8582677 0.9212598 0.8582677 4 P 0
L 0.9094488 0.8897638 0.9212598 0.8897638 4 P 0
L 0.9094488 0.988189 0.9212599 0.988189 4 P 0
L 0.9133858 0.5826772 0.9173228 0.5787402 4 P 0
L 0.9133858 0.6102362 0.9251969 0.6102362 4 P 0
L 0.9173228 0.5669291 0.9173228 0.5787402 4 P 0
L 0.9173228 0.5669291 0.9212598 0.5629921 4 P 0
L 0.9173229 0.4370079 1.1889764 0.4370079 1 P 0
L 0.9212598 0.5629921 0.9330709 0.5629921 4 P 0
L 0.9212598 0.7362205 0.9251968 0.7401575 4 P 0
L 0.9212598 0.8582677 0.9251968 0.8622047 4 P 0
L 0.9212598 0.8897638 0.9251968 0.8937008 4 P 0
L 0.9212599 0.4055118 1.1889763 0.4055118 1 P 0
L 0.9212599 0.988189 0.9251969 0.984252 4 P 0
L 0.9251968 0.7401575 0.9251969 0.7401575 4 P 0
L 0.9251968 0.8622047 0.9251969 0.8622047 4 P 0
L 0.9251968 0.8937008 0.9251969 0.8937008 4 P 0
L 0.9251969 0.6102362 0.9291339 0.6141732 4 P 0
L 0.9251969 0.7401575 0.9251969 0.7637795 4 P 0
L 0.9251969 0.7637795 0.9291339 0.7677165 4 P 0
L 0.9251969 0.8622047 0.9251969 0.8740157 4 P 0
L 0.9251969 0.8740157 0.9291339 0.8779527 4 P 0
L 0.9251969 0.8937008 0.9251969 0.9055118 4 P 0
L 0.9251969 0.9055118 0.9291339 0.9094488 4 P 0
L 0.9251969 0.9763779 0.9251969 0.984252 4 P 0
L 0.9251969 0.9763779 0.9291339 0.9724409 4 P 0
L 0.9291339 0.1850395 0.9291339 0.2677166 1 P 0
L 0.9291339 0.2677166 0.9527559 0.2913386 1 P 0
L 0.9291339 0.6141732 0.9291339 0.6535433 4 P 0
L 0.9291339 0.6535433 0.9330709 0.6574803 4 P 0
L 0.9291339 0.7677165 0.9409449 0.7677165 4 P 0
L 0.9291339 0.8779527 0.9291339 0.8779528 4 P 0
L 0.9291339 0.8779528 1.027559 0.8779528 4 P 0
L 0.9291339 0.9094488 0.968504 0.9094488 4 P 0
L 0.9291339 0.9724409 1 0.9724409 4 P 0
L 0.9330709 0.5629921 0.9370079 0.5669291 4 P 0
L 0.9330709 0.6574803 0.9448819 0.6574803 4 P 0
L 0.9370079 0.5669291 0.9370079 0.5787402 4 P 0
L 0.9370079 0.5787402 0.9409449 0.5826772 4 P 0
L 0.9409449 0.3897638 1.2637796 0.3897638 1 P 0
L 0.9409449 0.5826772 0.984252 0.5826772 4 P 0
L 0.9409449 0.7677165 0.9448819 0.7637795 4 P 0
L 0.9448819 0.6574803 0.9488189 0.6535433 4 P 0
L 0.9448819 0.7559055 0.9448819 0.7637795 4 P 0
L 0.9448819 0.7559055 0.9488189 0.7519685 4 P 0
L 0.9488189 0.6141732 0.9488189 0.6535433 4 P 0
L 0.9488189 0.6141732 0.9527559 0.6102362 4 P 0
L 0.9488189 0.7519685 1.0944882 0.7519685 4 P 0
L 0.9488189 0.7913386 0.9566929 0.7834646 4 P 0
L 0.9527559 0.2913386 0.9527559 0.3346456 1 P 0
L 0.9527559 0.3346456 0.976378 0.3582677 1 P 0
L 0.9527559 0.6102362 0.9645669 0.6102362 4 P 0
L 0.9566929 0.7834646 1.1259842 0.7834646 4 P 0
L 0.9606299 0.3740157 1.2795276 0.3740157 1 P 0
L 0.9645669 0.6102362 0.9685039 0.6141732 4 P 0
L 0.9685039 0.519685 0.996063 0.5472441 1 P 0
L 0.9685039 0.6141732 0.9685039 0.6889763 4 P 0
L 0.9685039 0.6889763 0.984252 0.7047244 4 P 0
L 0.968504 0.8149606 0.984252 0.7992126 4 P 0
L 0.968504 0.9094488 0.984252 0.8937008 4 P 0
L 0.976378 0.3031496 0.976378 0.3188976 1 P 0
L 0.976378 0.3188976 1.0000001 0.3425197 1 P 0
L 0.976378 0.3582677 1.2992126 0.3582677 1 P 0
L 0.976378 0.476378 1 0.5 1 P 0
L 0.980315 0.503937 1.0078741 0.5314961 1 P 0
L 0.984252 0.5826772 1.011811 0.6102362 4 P 0
L 0.988189 0.4566929 1 0.4685039 1 P 0
L 0.996063 0.5472441 1.1102362 0.5472441 1 P 0
L 1 0.4685039 1.2165354 0.4685039 1 P 0
L 1 0.5 1.1850394 0.5 1 P 0
L 1 0.7204725 1.015748 0.7362205 4 P 0
L 1 0.9724409 1.015748 0.9566929 4 P 0
L 1 1.003937 1.015748 0.988189 4 P 0
L 1.0000001 0.3425197 1.3385827 0.3425197 1 P 0
L 1.0078741 0.5314961 1.1535433 0.5314961 1 P 0
L 1.011811 0.6102362 1.0905512 0.6102362 4 P 0
L 1.027559 0.8779528 1.0314961 0.8740157 4 P 0
L 1.0314961 0.8149606 1.0314961 0.8740157 4 P 0
L 1.0314961 0.8149606 1.0472441 0.7992126 4 P 0
L 1.0314961 1.0669291 1.0787402 1.019685 4 P 0
L 1.0472441 0.2559055 1.0472441 0.3070866 1 P 0
L 1.0472441 0.3070866 1.0669292 0.3267717 1 P 0
L 1.0669292 0.3267717 1.3818898 0.3267717 1 P 0
L 1.0787402 0.7362204 1.0787402 0.7362205 4 P 0
L 1.0787402 0.7362204 1.0944882 0.7204724 4 P 0
L 1.0905512 0.6102362 1.0944882 0.6141732 4 P 0
L 1.0944882 0.6141732 1.0944882 0.7204724 4 P 0
L 1.0944882 0.7519685 1.1102362 0.7362205 4 P 0
L 1.1023622 1.0590551 1.1023622 1.0944882 1 P 0
L 1.1023622 1.0590551 1.1417323 1.019685 1 P 0
L 1.1023622 1.0944882 1.1220472 1.1141732 1 P 0
L 1.1102362 0.5472441 1.1574803 0.5944882 1 P 0
L 1.1220472 1.1141732 1.5944882 1.1141732 1 P 0
L 1.1259842 0.7834646 1.1417323 0.7677165 4 P 0
L 1.1299213 0.3031496 1.1377953 0.3110236 1 P 0
L 1.1377953 0.3110236 1.4448819 0.3110236 1 P 0
L 1.1417323 0.9251969 1.1574803 0.9094489 0 P 0
L 1.1417323 1.0511811 1.1574803 1.0669291 0 P 0
L 1.1535433 0.5314961 1.1574803 0.5354331 1 P 0
L 1.1574803 0.5354331 1.1574803 0.5590551 1 P 0
L 1.1574803 0.5590551 1.1614173 0.5629921 1 P 0
L 1.1574803 0.5944882 1.4094489 0.5944882 1 P 0
L 1.1574803 0.9094488 1.1574803 0.9094489 0 P 0
L 1.1574803 0.9094488 2.0551181 0.9094488 0 P 0
L 1.1574803 0.9763778 1.1574803 1.031496 0 P 0
L 1.1574803 0.9763778 1.1614173 0.9724408 0 P 0
L 1.1574803 1.031496 1.1614173 1.035433 0 P 0
L 1.1574803 1.0669291 1.1574803 1.0984252 0 P 0
L 1.1574803 1.0984252 1.1614173 1.1023622 0 P 0
L 1.1614173 0.5629921 1.2519685 0.5629921 1 P 0
L 1.1614173 0.9724408 1.1850394 0.9724408 0 P 0
L 1.1614173 1.035433 1.1889764 1.035433 0 P 0
L 1.1614173 1.1023622 1.6338583 1.1023622 0 P 0
L 1.1732283 0.988189 1.1732284 0.988189 0 P 0
L 1.1732283 1.051181 1.1929133 1.070866 0 P 0
L 1.1732284 0.988189 1.1889764 1.003937 0 P 0
L 1.1850394 0.5 1.1889764 0.503937 1 P 0
L 1.1850394 0.9724408 1.1889764 0.9685038 0 P 0
L 1.1889763 0.4055118 1.2204724 0.4370079 1 P 0
L 1.1889764 0.2559055 1.2283465 0.2952756 1 P 0
L 1.1889764 0.4370079 1.2047244 0.4527559 1 P 0
L 1.1889764 0.503937 1.1889764 0.5275591 1 P 0
L 1.1889764 0.5275591 1.1929134 0.5314961 1 P 0
L 1.1889764 0.9448818 1.1889764 0.9685038 0 P 0
L 1.1889764 0.9448818 1.1929134 0.9409448 0 P 0
L 1.1889764 1.003937 1.6732284 1.003937 0 P 0
L 1.1889764 1.035433 1.2047244 1.051181 0 P 0
L 1.1929133 1.070866 2.2086614 1.070866 0 P 0
L 1.1929134 0.5314961 1.2204724 0.5314961 1 P 0
L 1.1929134 0.9409448 1.5984252 0.9409448 0 P 0
L 1.2165354 0.4685039 1.2204724 0.4724409 1 P 0
L 1.2204724 0.4370079 1.2480315 0.4370079 1 P 0
L 1.2204724 0.4724409 1.2204724 0.496063 1 P 0
L 1.2204724 0.496063 1.2244094 0.5 1 P 0
L 1.2204724 0.5314961 1.2362205 0.515748 1 P 0
L 1.2244094 0.5 1.2480315 0.5 1 P 0
L 1.2283465 0.2952756 1.4527559 0.2952756 1 P 0
L 1.2362204 0.515748 1.2362205 0.515748 1 P 0
L 1.2362205 1.0196849 1.2523131 1.0357775 0 P 0
L 1.2480315 0.4370079 1.2519685 0.4409449 1 P 0
L 1.2480315 0.5 1.2519685 0.503937 1 P 0
L 1.2519685 0.4409449 1.2519685 0.4645669 1 P 0
L 1.2519685 0.4645669 1.2559055 0.4685039 1 P 0
L 1.2519685 0.503937 1.2519685 0.5314961 1 P 0
L 1.2519685 0.5314961 1.2677165 0.5472441 1 P 0
L 1.2519685 0.5629921 1.2519685 0.5629922 1 P 0
L 1.2519685 0.5629922 1.2677165 0.5787402 1 P 0
L 1.2523131 1.0357775 1.8074311 1.0357775 0 P 0
L 1.2559055 0.4685039 1.2834646 0.4685039 1 P 0
L 1.2637796 0.3897638 1.2834646 0.4094488 1 P 0
L 1.2795276 0.3740157 1.2992126 0.3937007 1 P 0
L 1.2834646 0.4094488 1.2834646 0.4330709 1 P 0
L 1.2834646 0.4330709 1.2874016 0.4370079 1 P 0
L 1.2834646 0.4685039 1.2992126 0.4527559 1 P 0
L 1.2874016 0.4370079 1.3149607 0.4370079 1 P 0
L 1.2992126 0.3582677 1.3622047 0.4212598 1 P 0
L 1.2992126 0.3937007 1.2992126 0.4212598 1 P 0
L 1.3149607 0.4370079 1.3307087 0.4527559 1 P 0
L 1.3188976 0.2559055 1.4409448 0.2559055 1 P 0
L 1.3385827 0.3425197 1.3779528 0.3818898 1 P 0
L 1.3622047 0.5787401 1.3622047 0.5787402 1 P 0
L 1.3779528 0.3818898 1.3779528 0.5590551 1 P 0
L 1.3779528 0.5590551 1.3818898 0.5629921 1 P 0
L 1.3818898 0.3267717 1.4094488 0.3543307 1 P 0
L 1.3818898 0.5629921 1.4724409 0.5629921 1 P 0
L 1.3937008 0.8622047 1.4094488 0.8464567 1 P 0
L 1.4094488 0.3543307 1.4094488 0.4645669 1 P 0
L 1.4094488 0.4645669 1.4133858 0.4685039 1 P 0
L 1.4094488 0.7559055 1.4094488 0.8464567 1 P 0
L 1.4094488 0.7559055 1.4133858 0.7519685 1 P 0
L 1.4094489 0.5944882 1.4251969 0.6102362 1 P 0
L 1.4133858 0.4685039 1.503937 0.4685039 1 P 0
L 1.4133858 0.7519685 1.5984252 0.7519685 1 P 0
L 1.4251969 0.7047244 1.4409449 0.6889764 1 P 0
L 1.4251969 0.7362205 1.4409449 0.7204725 1 P 0
L 1.4251969 0.7992126 1.4409449 0.7834646 1 P 0
L 1.4251969 0.8622046 1.4409448 0.8464567 1 P 0
L 1.4409448 0.2559055 1.5984252 0.4133859 1 P 0
L 1.4409448 0.8464567 1.6929134 0.8464567 1 P 0
L 1.4409449 0.6614173 1.4409449 0.6889764 1 P 0
L 1.4409449 0.6614173 1.4448819 0.6574803 1 P 0
L 1.4409449 0.7204724 1.4409449 0.7204725 1 P 0
L 1.4409449 0.7204724 1.6574804 0.7204724 1 P 0
L 1.4409449 0.7834646 1.6811024 0.7834646 1 P 0
L 1.4448819 0.3110236 1.5354331 0.4015748 1 P 0
L 1.4448819 0.6574803 1.5984252 0.6574803 1 P 0
L 1.4527559 0.2952756 1.5669291 0.4094488 1 P 0
L 1.4566929 0.6417323 1.4724409 0.6259843 1 P 0
L 1.4724409 0.5629921 1.488189 0.5787402 1 P 0
L 1.4724409 0.5984253 1.4724409 0.6259843 1 P 0
L 1.4724409 0.5984253 1.476378 0.5944882 1 P 0
L 1.476378 0.5944882 1.5 0.5944882 1 P 0
L 1.488189 0.6417323 1.503937 0.6259843 1 P 0
L 1.488189 0.9566929 1.503937 0.9724409 1 P 0
L 1.5 0.5944882 1.503937 0.5905512 1 P 0
L 1.503937 0.4685039 1.519685 0.4842519 1 P 0
L 1.503937 0.5629921 1.503937 0.5905512 1 P 0
L 1.503937 0.5629921 1.535433 0.5314961 1 P 0
L 1.503937 0.6259843 1.531496 0.6259843 1 P 0
L 1.503937 0.9724409 2.0196851 0.9724409 1 P 0
L 1.5196849 0.8937008 1.5354329 0.8779528 0 P 0
L 1.519685 0.4842519 1.519685 0.484252 1 P 0
L 1.519685 0.7047244 1.535433 0.6889764 1 P 0
L 1.531496 0.6259843 1.5354331 0.6220472 1 P 0
L 1.5354329 0.8779528 1.5984252 0.8779528 0 P 0
L 1.535433 0.5314961 1.5984252 0.5314961 1 P 0
L 1.535433 0.6889764 1.6181102 0.6889764 1 P 0
L 1.5354331 0.4015748 1.5354331 0.468504 1 P 0
L 1.5354331 0.468504 1.5511811 0.484252 1 P 0
L 1.5354331 0.5669291 1.5354331 0.6220472 1 P 0
L 1.5354331 0.5669291 1.5393701 0.5629921 1 P 0
L 1.5393701 0.5629921 1.5984252 0.5629921 1 P 0
L 1.5511811 0.515748 1.5669291 0.5 1 P 0
L 1.5511811 0.8307087 1.5669292 0.8149606 1 P 0
L 1.5669291 0.4094488 1.5669291 0.5 1 P 0
L 1.5669292 0.8149606 1.7519685 0.8149606 1 P 0
L 1.5826772 0.515748 1.5984252 0.5 1 P 0
L 1.5826772 0.5787402 1.6102362 0.5787402 1 P 0
L 1.5826772 0.7677165 1.6141732 0.7677165 1 P 0
L 1.5826772 0.8622047 1.6141732 0.8622047 1 P 0
L 1.5944882 1.1141732 1.6377953 1.1574803 1 P 0
L 1.5984252 0.4133859 1.5984252 0.5 1 P 0
L 1.5984252 0.5314961 1.6181102 0.5118111 1 P 0
L 1.5984252 0.5629921 1.6338583 0.527559 1 P 0
L 1.5984252 0.6574803 1.6653543 0.5905512 1 P 0
L 1.5984252 0.7519685 1.6141732 0.7362205 1 P 0
L 1.5984252 0.8779528 1.6141732 0.8937008 0 P 0
L 1.5984252 0.9409448 1.6023622 0.9448818 0 P 0
L 1.6023622 0.9448818 1.6023622 0.9566928 0 P 0
L 1.6023622 0.9566928 1.6062992 0.9606298 0 P 0
L 1.6062992 0.9606298 1.6141732 0.9606298 0 P 0
L 1.6102362 0.5787402 1.6496063 0.5393701 1 P 0
L -1.6104625 0.2999935 -1.6104625 0.3199871 5 P 0 ;2,3=0,4=0.000000
L -1.6104625 0.3199871 -1.630456 0.3399806 5 P 0 ;2,3=0,4=0.000000
L 1.6141732 0.7362205 1.6614173 0.7362205 1 P 0
L 1.6141732 0.7677165 1.6299212 0.7519685 1 P 0
L 1.6141732 0.7992126 1.7480315 0.7992126 1 P 0
L 1.6141732 0.8622047 1.6299213 0.8779528 1 P 0
L 1.6141732 0.8937008 2.0511811 0.8937008 0 P 0
L 1.6141732 0.9606298 1.6181102 0.9566928 0 P 0
L 1.6181102 0.3740158 1.6181102 0.5118111 1 P 0
L 1.6181102 0.3740158 1.7559055 0.2362205 1 P 0
L 1.6181102 0.6889764 1.6811024 0.6259842 1 P 0
L 1.6181102 0.9251967 1.6181102 0.9566928 0 P 0
L 1.6181102 0.9251967 1.6220472 0.9212597 0 P 0
L 1.6220472 0.9212597 1.6299213 0.9212597 0 P 0
L 1.6299212 0.7519685 1.6653544 0.7519685 1 P 0
L 1.6299213 0.8779528 1.8582677 0.8779528 1 P 0
L 1.6299213 0.9212597 1.6338583 0.9251967 0 P 0
L -1.630456 0.28 -1.6104625 0.2999935 5 P 0 ;2,3=0,4=0.000000
L 1.6338583 0.3818898 1.6338583 0.527559 1 P 0
L 1.6338583 0.3818898 1.7795276 0.2362205 1 P 0
L 1.6338583 0.9251967 1.6338583 0.9566928 0 P 0
L 1.6338583 0.9566928 1.6377953 0.9606298 0 P 0
L 1.6338583 1.1023622 1.6377953 1.1062992 0 P 0
L 1.6377953 0.9606298 1.6456693 0.9606298 0 P 0
L 1.6377953 1.1062992 1.6377953 1.1377953 0 P 0
L 1.6377953 1.1377953 1.6417323 1.1417323 0 P 0
L 1.6377953 1.1574803 2.3937008 1.1574803 1 P 0
L 1.6417323 1.1417323 1.6496063 1.1417323 0 P 0
L 1.6456693 0.9606298 1.6496063 0.9566928 0 P 0
L 1.6496063 0.3937008 1.6496063 0.5393701 1 P 0
L 1.6496063 0.3937008 1.7952756 0.2480315 1 P 0
L 1.6496063 0.9251967 1.6496063 0.9566928 0 P 0
L 1.6496063 0.9251967 1.6535433 0.9212597 0 P 0
L 1.6496063 1.1417323 1.6535433 1.1377953 0 P 0
L 1.6535433 0.9212597 1.6614173 0.9212597 0 P 0
L 1.6535433 1.0866142 1.6535433 1.1377953 0 P 0
L 1.6535433 1.0866142 1.6574803 1.0826772 0 P 0
L 1.6574803 1.0826772 1.6653543 1.0826772 0 P 0
L 1.6574804 0.7204724 1.6968504 0.6811024 1 P 0
L 1.6614173 0.7362205 1.7125984 0.6850394 1 P 0
L 1.6614173 0.9212597 1.6653543 0.9251967 0 P 0
L 1.6653543 0.4015748 1.6653543 0.5905512 1 P 0
L 1.6653543 0.4015748 1.8031496 0.2637795 1 P 0
L 1.6653543 0.9251967 1.6653543 0.9566928 0 P 0
L 1.6653543 0.9566928 1.6692913 0.9606298 0 P 0
L 1.6653543 1.0826772 1.6692913 1.0866142 0 P 0
L 1.6653544 0.7519685 1.7283465 0.6889764 1 P 0
L 1.6692913 0.9606298 1.6771654 0.9606298 0 P 0
L 1.6692913 1.0866142 1.6692913 1.1377953 0 P 0
L 1.6692913 1.1377953 1.6732283 1.1417323 0 P 0
L -1.6704431 0.3199871 -1.6604463 0.3199871 5 P 0 ;2,3=0,4=0.000000
L 1.6732283 1.1417323 1.6811024 1.1417323 0 P 0
L 1.6732284 1.003937 1.6771654 1.007874 0 P 0
L 1.6771654 0.9606298 1.6811024 0.9566928 0 P 0
L 1.6771654 1.007874 1.6771654 1.019685 0 P 0
L 1.6771654 1.019685 1.6811024 1.023622 0 P 0
L -1.6804398 0.3099903 -1.6704431 0.3199871 5 P 0 ;2,3=0,4=0.000000
L 1.6811024 0.4094488 1.6811024 0.6259842 1 P 0
L 1.6811024 0.4094488 1.8110236 0.2795276 1 P 0
L 1.6811024 0.7834646 1.7480315 0.7165355 1 P 0
L 1.6811024 0.9251967 1.6811024 0.9566928 0 P 0
L 1.6811024 0.9251967 1.6850394 0.9212597 0 P 0
L 1.6811024 1.023622 1.6889764 1.023622 0 P 0
L 1.6811024 1.1417323 1.6850394 1.1377953 0 P 0
L 1.6850394 0.9212597 1.6929134 0.9212597 0 P 0
L 1.6850394 1.1062992 1.6850394 1.1377953 0 P 0
L 1.6850394 1.1062992 1.6889764 1.1023622 0 P 0
L 1.6889764 1.023622 1.6929134 1.019685 0 P 0
L 1.6889764 1.1023622 1.6968504 1.1023622 0 P 0
L -1.6904366 0.28 -1.6904366 0.2999935 5 P 0 ;2,3=0,4=0.000000
L -1.6904366 0.2999935 -1.6804398 0.3099903 5 P 0 ;2,3=0,4=0.000000
L -1.6904366 0.3199871 -1.6904366 0.28 5 P 0 ;2,3=0,4=0.000000
L 1.6929134 0.8464567 1.7086614 0.8307087 1 P 0
L 1.6929134 0.9212597 1.6968504 0.9251967 0 P 0
L 1.6929134 0.988189 1.6929134 1.019685 0 P 0
L 1.6929134 0.988189 1.6968504 0.984252 0 P 0
L 1.6968504 0.4173229 1.6968504 0.6811024 1 P 0
L 1.6968504 0.4173229 1.8188977 0.2952756 1 P 0
L 1.6968504 0.9251967 1.6968504 0.9566928 0 P 0
L 1.6968504 0.9566928 1.7007874 0.9606298 0 P 0
L 1.6968504 0.984252 1.7047244 0.984252 0 P 0
L 1.6968504 1.1023622 1.7007874 1.1062992 0 P 0
L 1.7007874 0.9606298 1.7086614 0.9606298 0 P 0
L 1.7007874 1.1062992 1.7007874 1.1377953 0 P 0
L 1.7007874 1.1377953 1.7047244 1.1417323 0 P 0
L 1.7047244 0.984252 1.7086614 0.988189 0 P 0
L 1.7047244 1.1417323 1.7125984 1.1417323 0 P 0
L 1.7086614 0.8307087 1.7559055 0.8307087 1 P 0
L 1.7086614 0.9606298 1.7125984 0.9566928 0 P 0
L 1.7086614 0.988189 1.7086614 1.019685 0 P 0
L 1.7086614 1.019685 1.7125984 1.023622 0 P 0
L -1.7104301 0.2999935 -1.7504172 0.2999935 5 P 0 ;2,3=0,4=0.000000
L -1.7104301 0.3099903 -1.7104301 0.2999935 5 P 0 ;2,3=0,4=0.000000
L 1.7125984 0.4251968 1.7125984 0.6850394 1 P 0
L 1.7125984 0.4251968 1.8267716 0.3110236 1 P 0
L 1.7125984 0.9251967 1.7125984 0.9566928 0 P 0
L 1.7125984 0.9251967 1.7165354 0.9212597 0 P 0
L 1.7125984 1.023622 1.7204724 1.023622 0 P 0
L 1.7125984 1.1417323 1.7165354 1.1377953 0 P 0
L 1.7165354 0.9212597 1.7244094 0.9212597 0 P 0
L 1.7165354 1.0866142 1.7165354 1.1377953 0 P 0
L 1.7165354 1.0866142 1.7204724 1.0826772 0 P 0
L -1.7204269 0.28 -1.7404204 0.28 5 P 0 ;2,3=0,4=0.000000
L -1.7204269 0.3199871 -1.7104301 0.3099903 5 P 0 ;2,3=0,4=0.000000
L 1.7204724 1.023622 1.7244094 1.019685 0 P 0
L 1.7204724 1.0826772 1.7283465 1.0826772 0 P 0
L 1.7244094 0.9212597 1.7283465 0.9251968 0 P 0
L 1.7244094 0.988189 1.7244094 1.019685 0 P 0
L 1.7244094 0.988189 1.7283464 0.984252 0 P 0
L 1.7283464 0.984252 1.7362205 0.984252 0 P 0
L 1.7283465 0.535433 1.7283465 0.6889764 1 P 0
L 1.7283465 0.535433 1.9330709 0.3307086 1 P 0
L 1.7283465 0.9251968 1.7283465 0.9566928 0 P 0
L 1.7283465 0.9566928 1.7322835 0.9606298 0 P 0
L 1.7283465 1.0826772 1.7322835 1.0866142 0 P 0
L 1.7322835 0.9606298 1.7401575 0.9606298 0 P 0
L 1.7322835 1.0866142 1.7322835 1.1377953 0 P 0
L 1.7322835 1.1377953 1.7362205 1.1417323 0 P 0
L 1.7362205 0.984252 1.7401575 0.988189 0 P 0
L 1.7362205 1.1417323 1.7440945 1.1417323 0 P 0
L 1.7401575 0.9606298 1.7440945 0.9566928 0 P 0
L 1.7401575 0.988189 1.7401575 1.019685 0 P 0
L 1.7401575 1.019685 1.7440945 1.023622 0 P 0
L -1.7404204 0.28 -1.7504172 0.2899968 5 P 0 ;2,3=0,4=0.000000
L -1.7404204 0.3199871 -1.7204269 0.3199871 5 P 0 ;2,3=0,4=0.000000
L 1.7440945 0.9251967 1.7440945 0.9566928 0 P 0
L 1.7440945 0.9251967 1.7480315 0.9212597 0 P 0
L 1.7440945 1.023622 1.7519685 1.023622 0 P 0
L 1.7440945 1.1417323 1.7480315 1.1377953 0 P 0
L 1.7480315 0.6614173 1.7480315 0.7165355 1 P 0
L 1.7480315 0.6614173 1.8897638 0.519685 1 P 0
L 1.7480315 0.7992126 1.9055118 0.6417323 1 P 0
L 1.7480315 0.9212597 1.7559055 0.9212597 0 P 0
L 1.7480315 1.1062992 1.7480315 1.1377953 0 P 0
L 1.7480315 1.1062992 1.7519685 1.1023622 0 P 0
L -1.7504172 0.2899968 -1.7504172 0.3099903 5 P 0 ;2,3=0,4=0.000000
L -1.7504172 0.3099903 -1.7404204 0.3199871 5 P 0 ;2,3=0,4=0.000000
L 1.7519685 0.8149606 1.9212598 0.6456693 1 P 0
L 1.7519685 1.023622 1.7559055 1.019685 0 P 0
L 1.7519685 1.1023622 1.7598425 1.1023622 0 P 0
L 1.7559055 0.2204724 1.7559055 0.2362205 1 P 0
L 1.7559055 0.2204724 1.7716535 0.2047244 1 P 0
L 1.7559055 0.8307087 1.9370079 0.6496063 1 P 0
L 1.7559055 0.9212597 1.7559055 0.9212598 0 P 0
L 1.7559055 0.9212598 1.7598425 0.9251968 0 P 0
L 1.7559055 0.988189 1.7559055 1.019685 0 P 0
L 1.7559055 0.988189 1.7598425 0.984252 0 P 0
L 1.7598425 0.9251968 1.7598425 0.9566928 0 P 0
L 1.7598425 0.9566928 1.7637795 0.9606298 0 P 0
L 1.7598425 0.984252 1.7677165 0.984252 0 P 0
L 1.7598425 1.1023622 1.7637795 1.1062992 0 P 0
L 1.7637795 0.9606298 1.7716536 0.9606298 0 P 0
L 1.7637795 1.1062992 1.7637795 1.1377953 0 P 0
L 1.7637795 1.1377953 1.7677165 1.1417323 0 P 0
L 1.7677165 0.984252 1.7716535 0.988189 0 P 0
L 1.7677165 1.1417323 1.7755906 1.1417323 0 P 0
L -1.7704107 0.2899968 -1.7804075 0.28 5 P 0 ;2,3=0,4=0.000000
L -1.7704107 0.3099903 -1.7704107 0.2899968 5 P 0 ;2,3=0,4=0.000000
L 1.7716535 0.2047244 1.8582676 0.2047244 1 P 0
L 1.7716535 0.988189 1.7716535 1.0196849 0 P 0
L 1.7716535 1.0196849 1.7755906 1.023622 0 P 0
L 1.7716536 0.9606298 1.7755906 0.9566928 0 P 0
L 1.7755906 0.9251967 1.7755906 0.9566928 0 P 0
L 1.7755906 0.9251967 1.7795276 0.9212597 0 P 0
L 1.7755906 1.023622 1.7834646 1.023622 0 P 0
L 1.7755906 1.1417323 1.7795276 1.1377953 0 P 0
L 1.7795276 0.2283465 1.7795276 0.2362205 1 P 0
L 1.7795276 0.9212597 1.7874015 0.9212597 0 P 0
L 1.7795276 1.1062992 1.7795276 1.1377953 0 P 0
L 1.7795276 1.1062992 1.7834646 1.1023622 0 P 0
L -1.7804075 0.28 -1.8103978 0.28 5 P 0 ;2,3=0,4=0.000000
L -1.7804075 0.3199871 -1.7704107 0.3099903 5 P 0 ;2,3=0,4=0.000000
L 1.7834646 1.023622 1.7874016 1.019685 0 P 0
L 1.7834646 1.1023622 1.7913386 1.1023622 0 P 0
L 1.7874015 0.9212597 1.7913386 0.9251968 0 P 0
L 1.7874016 0.996063 1.7874016 1.019685 0 P 0
L 1.7874016 0.996063 1.7913386 0.992126 0 P 0
L 1.7913386 0.9251968 1.7913386 0.9370078 0 P 0
L 1.7913386 0.9370078 1.7952756 0.9409448 0 P 0
L 1.7913386 0.992126 2.1102362 0.992126 0 P 0
L 1.7913386 1.1023622 1.7952756 1.1062992 0 P 0
L 1.7952756 0.2480315 1.9173229 0.2480315 1 P 0
L 1.7952756 0.9409448 1.8267717 0.9409448 0 P 0
L 1.7952756 1.1062992 1.7952756 1.1377953 0 P 0
L 1.7952756 1.1377953 1.7992126 1.1417323 0 P 0
L 1.7992126 1.1417323 1.8070866 1.1417323 0 P 0
L 1.8031496 0.2637795 1.9330709 0.2637795 1 P 0
L 1.8070866 1.1417323 1.8110236 1.1377953 0 P 0
L 1.8074311 1.0357775 1.8110236 1.03937 0 P 0
L -1.8103978 0.2600065 -1.8103978 0.3199871 5 P 0 ;2,3=0,4=0.000000
L -1.8103978 0.3199871 -1.7804075 0.3199871 5 P 0 ;2,3=0,4=0.000000
L 1.8110236 0.2795276 1.9488189 0.2795276 1 P 0
L 1.8110236 1.03937 1.8110236 1.055118 0 P 0
L 1.8110236 1.055118 1.8149606 1.059055 0 P 0
L 1.8110236 1.1062992 1.8110236 1.1377953 0 P 0
L 1.8110236 1.1062992 1.8149606 1.1023622 0 P 0
L 1.8149606 1.059055 1.8228347 1.059055 0 P 0
L 1.8149606 1.1023622 1.8228347 1.1023622 0 P 0
L 1.8188977 0.2952756 1.9645669 0.2952756 1 P 0
L 1.8228347 1.059055 1.8267717 1.055118 0 P 0
L 1.8228347 1.1023622 1.8267717 1.1062992 0 P 0
L 1.8267716 0.3110236 1.976378 0.3110236 1 P 0
L 1.8267717 0.9409448 1.8307087 0.9448818 0 P 0
L 1.8267717 1.0078739 1.8267717 1.055118 0 P 0
L 1.8267717 1.0078739 1.8307087 1.0039369 0 P 0
L 1.8267717 1.1062992 1.8267717 1.1377953 0 P 0
L 1.8267717 1.1377953 1.8307087 1.1417323 0 P 0
L -1.8303913 0.2899968 -1.8403881 0.28 5 P 0 ;2,3=0,4=0.000000
L -1.8303913 0.3099903 -1.8303913 0.2899968 5 P 0 ;2,3=0,4=0.000000
L 1.8307087 0.9448818 1.8307087 0.9566928 0 P 0
L 1.8307087 0.9566928 1.8346457 0.9606298 0 P 0
L 1.8307087 1.0039369 1.8385827 1.0039369 0 P 0
L 1.8307087 1.1417323 1.8385827 1.1417323 0 P 0
L 1.8346457 0.9606298 1.8425197 0.9606298 0 P 0
L 1.8385827 1.0039369 1.8425197 1.0078739 0 P 0
L 1.8385827 1.1417323 1.8425197 1.1377953 0 P 0
L -1.8403881 0.28 -1.8703784 0.28 5 P 0 ;2,3=0,4=0.000000
L -1.8403881 0.3199871 -1.8303913 0.3099903 5 P 0 ;2,3=0,4=0.000000
L 1.8425197 0.9606298 1.8464567 0.9566928 0 P 0
L 1.8425197 1.0078739 1.8425197 1.055118 0 P 0
L 1.8425197 1.055118 1.8464567 1.059055 0 P 0
L 1.8425197 1.0866142 1.8425197 1.1377953 0 P 0
L 1.8425197 1.0866142 1.8464567 1.0826772 0 P 0
L 1.8464567 0.9251967 1.8464567 0.9566928 0 P 0
L 1.8464567 0.9251967 1.8503937 0.9212597 0 P 0
L 1.8464567 1.059055 1.8543307 1.059055 0 P 0
L 1.8464567 1.0826772 1.8543307 1.0826772 0 P 0
L 1.8503937 0.9212597 1.8582677 0.9212597 0 P 0
L 1.8543307 1.059055 1.8582677 1.055118 0 P 0
L 1.8543307 1.0826772 1.8582677 1.0866142 0 P 0
L 1.8582676 0.2047244 1.8740157 0.2204725 1 P 0
L 1.8582677 0.8779528 1.9724409 0.7637796 1 P 0
L 1.8582677 0.9212597 1.8622047 0.9251967 0 P 0
L 1.8582677 1.0078739 1.8582677 1.055118 0 P 0
L 1.8582677 1.0078739 1.8622047 1.0039369 0 P 0
L 1.8582677 1.0866142 1.8582677 1.1377953 0 P 0
L 1.8582677 1.1377953 1.8622047 1.1417323 0 P 0
L 1.8622047 0.9251967 1.8622047 0.9566928 0 P 0
L 1.8622047 0.9566928 1.8661417 0.9606298 0 P 0
L 1.8622047 1.0039369 1.8700787 1.0039369 0 P 0
L 1.8622047 1.1417323 1.8700787 1.1417323 0 P 0
L 1.8661417 0.9606298 1.8740157 0.9606298 0 P 0
L 1.8700787 1.0039369 1.8740157 1.0078739 0 P 0
L 1.8700787 1.1417323 1.8740157 1.1377953 0 P 0
L -1.8703784 0.2600065 -1.8703784 0.3199871 5 P 0 ;2,3=0,4=0.000000
L -1.8703784 0.3199871 -1.8403881 0.3199871 5 P 0 ;2,3=0,4=0.000000
L 1.8740157 0.2204725 1.8740157 0.2283465 1 P 0
L 1.8740157 0.9606298 1.8779527 0.9566928 0 P 0
L 1.8740157 1.0078739 1.8740157 1.0551179 0 P 0
L 1.8740157 1.0551179 1.8779528 1.059055 0 P 0
L 1.8740157 1.0866143 1.8740157 1.1377953 0 P 0
L 1.8740157 1.0866143 1.8779528 1.0826772 0 P 0
L 1.8779527 0.9566928 1.8779528 0.9566928 0 P 0
L 1.8779528 0.9251967 1.8779528 0.9566928 0 P 0
L 1.8779528 0.9251967 1.8818898 0.9212597 0 P 0
L 1.8779528 1.059055 1.8858268 1.059055 0 P 0
L 1.8779528 1.0826772 1.8858268 1.0826772 0 P 0
L 1.8818898 0.9212597 1.8897638 0.9212597 0 P 0
L 1.8858268 1.059055 1.8897638 1.055118 0 P 0
L 1.8858268 1.0826772 1.8897638 1.0866142 0 P 0
L 1.8897638 0.4015748 1.8897638 0.519685 1 P 0
L 1.8897638 0.4015748 1.9448819 0.3464567 1 P 0
L 1.8897638 0.9212597 1.8937008 0.9251967 0 P 0
L 1.8897638 1.0078739 1.8897638 1.055118 0 P 0
L 1.8897638 1.0078739 1.8937008 1.0039369 0 P 0
L 1.8897638 1.0866142 1.8897638 1.1377953 0 P 0
L 1.8897638 1.1377953 1.8937008 1.1417323 0 P 0
L -1.8903719 0.2899968 -1.8903719 0.3099903 5 P 0 ;2,3=0,4=0.000000
L -1.8903719 0.3099903 -1.9003687 0.3199871 5 P 0 ;2,3=0,4=0.000000
L 1.8937008 0.9251967 1.8937008 0.9566928 0 P 0
L 1.8937008 0.9566928 1.8976378 0.9606298 0 P 0
L 1.8937008 1.0039369 1.9015748 1.0039369 0 P 0
L 1.8937008 1.1417323 1.9015748 1.1417323 0 P 0
L 1.8976378 0.9606298 1.9055118 0.9606298 0 P 0
L -1.9003687 0.28 -1.8903719 0.2899968 5 P 0 ;2,3=0,4=0.000000
L -1.9003687 0.3199871 -1.9203622 0.3199871 5 P 0 ;2,3=0,4=0.000000
L 1.9015748 1.0039369 1.9055118 1.0078739 0 P 0
L 1.9015748 1.1417323 1.9055118 1.1377953 0 P 0
L 1.9055118 0.4133859 1.9055118 0.6417323 1 P 0
L 1.9055118 0.4133859 1.956693 0.3622047 1 P 0
L 1.9055118 0.8622047 1.992126 0.7755905 1 P 0
L 1.9055118 0.9606298 1.9094488 0.9566928 0 P 0
L 1.9055118 1.0078739 1.9055118 1.055118 0 P 0
L 1.9055118 1.055118 1.9094488 1.059055 0 P 0
L 1.9055118 1.0866142 1.9055118 1.1377953 0 P 0
L 1.9055118 1.0866142 1.9094488 1.0826772 0 P 0
L 1.9094488 0.9251967 1.9094488 0.9566928 0 P 0
L 1.9094488 0.9251967 1.9133858 0.9212597 0 P 0
L 1.9094488 1.059055 1.9173228 1.059055 0 P 0
L 1.9094488 1.0826772 1.9173228 1.0826772 0 P 0
L 1.9133858 0.9212597 1.9212598 0.9212597 0 P 0
L 1.9173228 1.059055 1.9212598 1.055118 0 P 0
L 1.9173228 1.0826772 1.9212598 1.0866142 0 P 0
L 1.9173229 0.2480315 1.9370079 0.2283465 1 P 0
L -1.9203622 0.28 -1.9003687 0.28 5 P 0 ;2,3=0,4=0.000000
L -1.9203622 0.3199871 -1.930359 0.3099903 5 P 0 ;2,3=0,4=0.000000
L 1.9212598 0.4251969 1.9212598 0.6456693 1 P 0
L 1.9212598 0.4251969 1.9685039 0.3779528 1 P 0
L 1.9212598 0.9212597 1.9251969 0.9251968 0 P 0
L 1.9212598 1.007874 1.9212598 1.055118 0 P 0
L 1.9212598 1.007874 1.9251969 1.0039369 0 P 0
L 1.9212598 1.0866142 1.9212598 1.1377952 0 P 0
L 1.9212598 1.1377952 1.9251969 1.1417323 0 P 0
L 1.9251969 0.9251968 1.9251969 0.9330708 0 P 0
L 1.9251969 0.9330708 1.9291339 0.9370078 0 P 0
L 1.9251969 1.0039369 1.9330709 1.0039369 0 P 0
L 1.9251969 1.1417323 1.9330709 1.1417323 0 P 0
L 1.9291339 0.9370078 1.9606299 0.9370078 0 P 0
L -1.930359 0.2899968 -1.9203622 0.28 5 P 0 ;2,3=0,4=0.000000
L -1.930359 0.3099903 -1.930359 0.2899968 5 P 0 ;2,3=0,4=0.000000
L 1.9330709 0.2637795 1.972441 0.2244094 1 P 0
L 1.9330709 0.3307086 1.984252 0.3307086 1 P 0
L 1.9330709 1.0039369 1.9370079 1.0078739 0 P 0
L 1.9330709 1.1417323 1.9370079 1.1377953 0 P 0
L 1.9370079 0.4330708 1.9370079 0.6496063 1 P 0
L 1.9370079 0.4330708 1.9763779 0.3937008 1 P 0
L 1.9370079 1.0078739 1.9370079 1.055118 0 P 0
L 1.9370079 1.055118 1.9409449 1.059055 0 P 0
L 1.9370079 1.0866142 1.9370079 1.1377953 0 P 0
L 1.9370079 1.0866142 1.9409449 1.0826772 0 P 0
L 1.9409449 0.8622047 2.0393701 0.7637795 0 P 0
L 1.9409449 1.059055 1.9488189 1.059055 0 P 0
L 1.9409449 1.0826772 1.9488189 1.0826772 0 P 0
L 1.9448819 0.3464567 2.1653543 0.3464567 1 P 0
L 1.9488189 0.2795276 1.988189 0.2401575 1 P 0
L 1.9488189 1.059055 1.9527559 1.055118 0 P 0
L 1.9488189 1.0826772 1.9527559 1.0866142 0 P 0
L -1.9503525 0.3299838 -1.9603493 0.3399806 5 P 0 ;2,3=0,4=0.000000
L 1.9527559 1.03937 1.9527559 1.055118 0 P 0
L 1.9527559 1.03937 1.9566929 1.035433 0 P 0
L 1.9527559 1.0866142 1.9527559 1.1377953 0 P 0
L 1.9527559 1.1377953 1.9566929 1.1417323 0 P 0
L 1.9566929 1.035433 2.0275591 1.035433 0 P 0
L 1.9566929 1.1417323 1.9645669 1.1417323 0 P 0
L 1.956693 0.3622047 2.3464567 0.3622047 1 P 0
L -1.9603493 0.28 -1.9503525 0.2899968 5 P 0 ;2,3=0,4=0.000000
L -1.9603493 0.3399806 -1.9803428 0.3399806 5 P 0 ;2,3=0,4=0.000000
L 1.9606299 0.9370078 1.9645669 0.9409448 0 P 0
L 1.9645669 0.2952756 2.003937 0.2559055 1 P 0
L 1.9645669 0.9409448 1.9645669 0.9566928 0 P 0
L 1.9645669 0.9566928 1.9685039 0.9606298 0 P 0
L 1.9645669 1.1417323 1.9685039 1.1377953 0 P 0
L 1.9685039 0.3779528 2.3937007 0.3779528 1 P 0
L 1.9685039 0.9606298 1.976378 0.9606298 0 P 0
L 1.9685039 1.0866142 1.9685039 1.1377953 0 P 0
L 1.9685039 1.0866142 1.9724409 1.0826772 0 P 0
L 1.9724409 0.4251969 1.9724409 0.7637796 1 P 0
L 1.9724409 0.4251969 1.988189 0.4094488 1 P 0
L 1.9724409 1.0826772 1.980315 1.0826772 0 P 0
L 1.972441 0.2244094 2.0275591 0.2244094 1 P 0
L 1.9763779 0.3937008 2.4370078 0.3937008 1 P 0
L 1.9763779 0.8622047 1.980315 0.8622047 0 P 0
L 1.9763779 0.8622047 2.03937 0.7992126 0 P 0
L 1.976378 0.3110236 2.015748 0.2716536 1 P 0
L 1.976378 0.9606298 1.980315 0.9566928 0 P 0
L 1.980315 0.9251967 1.980315 0.9566928 0 P 0
L 1.980315 0.9251967 1.984252 0.9212597 0 P 0
L 1.980315 1.0826772 1.984252 1.0866142 0 P 0
L -1.9803428 0.28 -1.9603493 0.28 5 P 0 ;2,3=0,4=0.000000
L -1.9803428 0.3399806 -1.9903396 0.3299838 5 P 0 ;2,3=0,4=0.000000
L 1.984252 0.3307086 2.0275591 0.2874015 1 P 0
L 1.984252 0.9212597 1.992126 0.9212597 0 P 0
L 1.984252 1.0866142 1.984252 1.1377953 0 P 0
L 1.984252 1.1377953 1.988189 1.1417323 0 P 0
L 1.988189 0.2401575 2.0472441 0.2401575 1 P 0
L 1.988189 0.4094488 2.4585039 0.4094488 1 P 0
L 1.988189 1.1417323 1.996063 1.1417323 0 P 0
L -1.9903396 0.2899968 -1.9803428 0.28 5 P 0 ;2,3=0,4=0.000000
L -1.9903396 0.3299838 -1.9903396 0.2899968 5 P 0 ;2,3=0,4=0.000000
L 1.992126 0.4409449 1.992126 0.7755905 1 P 0
L 1.992126 0.4409449 2.007874 0.4251969 1 P 0
L 1.992126 0.9212597 1.996063 0.9251967 0 P 0
L 1.996063 0.9251967 1.996063 0.9566928 0 P 0
L 1.996063 0.9566928 2 0.9606298 0 P 0
L 1.996063 1.1417323 2 1.1377953 0 P 0
L 2 0.9606298 2.007874 0.9606298 0 P 0
L 2 1.0866142 2 1.1377953 0 P 0
L 2 1.0866142 2.003937 1.0826772 0 P 0
L 2.003937 0.2559055 2.0905511 0.2559055 1 P 0
L 2.003937 1.0826772 2.011811 1.0826772 0 P 0
L 2.007874 0.4251969 2.4685039 0.4251969 1 P 0
L 2.007874 0.9606298 2.011811 0.9566928 0 P 0
L 2.011811 0.8622047 2.0944882 0.7795275 0 P 0
L 2.011811 0.9251967 2.011811 0.9566928 0 P 0
L 2.011811 0.9251967 2.015748 0.9212597 0 P 0
L 2.011811 1.0826772 2.015748 1.0866142 0 P 0
L 2.015748 0.2716536 2.1732283 0.2716536 1 P 0
L 2.015748 0.9212597 2.055118 0.9212597 0 P 0
L 2.015748 1.0866142 2.015748 1.1377953 0 P 0
L 2.015748 1.1377953 2.019685 1.1417323 0 P 0
L 2.019685 1.1417323 2.0275591 1.1417323 0 P 0
L 2.0196851 0.9724409 2.0393701 0.9527559 1 P 0
L -2.0203299 0.28 -2.0403234 0.2999935 5 P 0 ;2,3=0,4=0.000000
L 2.0275591 0.2244094 2.0472441 0.2047244 1 P 0
L 2.0275591 0.2874015 2.2007874 0.2874015 1 P 0
L 2.0275591 1.035433 2.0314961 1.03937 0 P 0
L 2.0275591 1.1417323 2.0314961 1.1377953 0 P 0
L 2.0314961 1.03937 2.0314961 1.055118 0 P 0
L 2.0314961 1.055118 2.0354331 1.059055 0 P 0
L 2.0314961 1.1062992 2.0314961 1.1377953 0 P 0
L 2.0314961 1.1062992 2.0354331 1.1023622 0 P 0
L 2.0354331 1.059055 2.0433071 1.059055 0 P 0
L 2.0354331 1.1023622 2.0433071 1.1023622 0 P 0
L 2.03937 0.7992126 2.0551181 0.7992126 0 P 0
L 2.0393701 0.6181102 2.0393701 0.7637795 0 P 0
L 2.0393701 0.6181102 2.0984252 0.5590551 0 P 0
L -2.0403234 0.2999935 -2.0403234 0.3199871 5 P 0 ;2,3=0,4=0.000000
L -2.0403234 0.3199871 -2.0203299 0.3399806 5 P 0 ;2,3=0,4=0.000000
L 2.0433071 0.8622047 2.1141732 0.7913386 0 P 0
L 2.0433071 1.059055 2.0472441 1.055118 0 P 0
L 2.0433071 1.1023622 2.0472441 1.1062992 0 P 0
L 2.0472441 0.2401575 2.0826772 0.2047244 1 P 0
L 2.0472441 1.0078739 2.0472441 1.055118 0 P 0
L 2.0472441 1.0078739 2.0511811 1.0039369 0 P 0
L 2.0472441 1.1062992 2.0472441 1.1377953 0 P 0
L 2.0472441 1.1377953 2.0511811 1.1417323 0 P 0
L 2.0511811 0.8937008 2.1338583 0.8110236 0 P 0
L 2.0511811 1.0039369 2.0590551 1.0039369 0 P 0
L 2.0511811 1.1417323 2.0590551 1.1417323 0 P 0
L 2.055118 0.9212597 2.0590551 0.9251968 0 P 0
L 2.0551181 0.7992126 2.0748031 0.7795276 0 P 0
L 2.0551181 0.9094488 2.1496063 0.8149606 0 P 0
L 2.0590551 0.9251968 2.0590551 0.9330708 0 P 0
L 2.0590551 0.9330708 2.0629921 0.9370078 0 P 0
L 2.0590551 1.0039369 2.0629921 1.0078739 0 P 0
L 2.0590551 1.1417323 2.0629921 1.1377953 0 P 0
L 2.0629921 0.9370078 2.2047244 0.9370078 0 P 0
L 2.0629921 1.0078739 2.0629921 1.055118 0 P 0
L 2.0629921 1.055118 2.0669291 1.059055 0 P 0
L 2.0629921 1.0866142 2.0629921 1.1377953 0 P 0
L 2.0629921 1.0866142 2.0669291 1.0826772 0 P 0
L 2.0669291 1.059055 2.0748032 1.059055 0 P 0
L 2.0669291 1.0826772 2.0748032 1.0826772 0 P 0
L 2.0748031 0.6102363 2.0748031 0.7795276 0 P 0
L 2.0748031 0.6102363 2.1102363 0.5748031 0 P 0
L 2.0748031 0.9094487 2.0748031 0.9173226 0 P 0
L 2.0748031 0.9094487 2.0787401 0.9055117 0 P 0
L 2.0748031 0.9173226 2.0787402 0.9212597 0 P 0
L 2.0748032 1.059055 2.0787402 1.055118 0 P 0
L 2.0748032 1.0826772 2.0787402 1.0866142 0 P 0
L 2.0787401 0.9055117 2.2244095 0.9055117 0 P 0
L 2.0787402 0.9212597 2.2047244 0.9212597 0 P 0
L 2.0787402 1.0078739 2.0787402 1.055118 0 P 0
L 2.0787402 1.0078739 2.0826772 1.0039369 0 P 0
L 2.0787402 1.0866142 2.0787402 1.1377953 0 P 0
L 2.0787402 1.1377953 2.0826772 1.1417323 0 P 0
L 2.0826772 0.1889763 2.0826772 0.2047244 1 P 0
L 2.0826772 0.1889763 2.0984252 0.1732283 1 P 0
L 2.0826772 1.0039369 2.0905512 1.0039369 0 P 0
L 2.0826772 1.1417323 2.0905512 1.1417323 0 P 0
L 2.0905511 0.2559055 2.1732283 0.1732283 1 P 0
L 2.0905512 1.0039369 2.0944882 1.0078739 0 P 0
L 2.0905512 1.1417323 2.0944882 1.1377953 0 P 0
L 2.0944882 0.6220472 2.0944882 0.7795275 0 P 0
L 2.0944882 0.6220472 2.1259842 0.5905512 0 P 0
L 2.0944882 1.0078739 2.0944882 1.055118 0 P 0
L 2.0944882 1.055118 2.0984252 1.059055 0 P 0
L 2.0944882 1.0866142 2.0944882 1.1377953 0 P 0
L 2.0944882 1.0866142 2.0984252 1.0826772 0 P 0
L 2.0984252 0.1732283 2.1023622 0.1732283 1 P 0
L 2.0984252 0.5590551 2.3228347 0.5590551 0 P 0
L 2.0984252 1.059055 2.1062992 1.059055 0 P 0
L 2.0984252 1.0826772 2.1062992 1.0826772 0 P 0
L 2.1023622 0.8779527 2.1023622 0.8858267 0 P 0
L 2.1023622 0.8779527 2.1062992 0.8740157 0 P 0
L 2.1023622 0.8858267 2.1062992 0.8897637 0 P 0
L 2.1062992 0.8740156 2.1062992 0.8740157 0 P 0
L 2.1062992 0.8740156 2.2283465 0.8740156 0 P 0
L 2.1062992 0.8897637 2.2244094 0.8897637 0 P 0
L 2.1062992 1.059055 2.1102362 1.055118 0 P 0
L 2.1062992 1.0826772 2.1102362 1.0866142 0 P 0
L 2.1102362 0.992126 2.1141732 0.988189 0 P 0
L 2.1102362 1.0078739 2.1102362 1.055118 0 P 0
L 2.1102362 1.0078739 2.1141732 1.0039369 0 P 0
L 2.1102362 1.0866142 2.1102362 1.1377953 0 P 0
L 2.1102362 1.1377953 2.1141732 1.1417323 0 P 0
L 2.1102363 0.5748031 2.3307087 0.5748031 0 P 0
L 2.1141732 0.6259843 2.1141732 0.7913386 0 P 0
L 2.1141732 0.6259843 2.1338583 0.6062992 0 P 0
L 2.1141732 0.9527559 2.1141732 0.988189 0 P 0
L 2.1141732 0.9527559 2.1181102 0.9488189 0 P 0
L 2.1141732 1.0039369 2.1220473 1.0039369 0 P 0
L 2.1141732 1.1417323 2.1220473 1.1417323 0 P 0
L 2.1181102 0.9488189 2.1259843 0.9488189 0 P 0
L 2.1220473 1.0039369 2.1259843 1.0078739 0 P 0
L 2.1220473 1.1417323 2.1259843 1.1377953 0 P 0
L 2.1259842 0.5905512 2.3385826 0.5905512 0 P 0
L 2.1259843 0.9488189 2.1299213 0.9527559 0 P 0
L 2.1259843 1.0078739 2.1259843 1.055118 0 P 0
L 2.1259843 1.055118 2.1299213 1.059055 0 P 0
L 2.1259843 1.1062992 2.1259843 1.1377953 0 P 0
L 2.1259843 1.1062992 2.1299213 1.1023622 0 P 0
L 2.1299213 0.9527559 2.1299213 0.988189 0 P 0
L 2.1299213 0.988189 2.1338583 0.992126 0 P 0
L 2.1299213 1.059055 2.1377953 1.059055 0 P 0
L 2.1299213 1.1023622 2.1377953 1.1023622 0 P 0
L -2.1302943 0.28 -2.140291 0.28 5 P 0 ;2,3=0,4=0.000000
L 2.1338583 0.6062992 2.4188237 0.6062992 0 P 0
L 2.1338583 0.6299213 2.1338583 0.8110236 0 P 0
L 2.1338583 0.6299213 2.1417324 0.6220472 0 P 0
L 2.1338583 0.8464566 2.1338583 0.8543306 0 P 0
L 2.1338583 0.8464566 2.1377953 0.8425196 0 P 0
L 2.1338583 0.8543306 2.1377953 0.8582676 0 P 0
L 2.1338583 0.992126 2.1653543 0.992126 0 P 0
L 2.1377953 0.8425196 2.2283465 0.8425196 0 P 0
L 2.1377953 0.8582676 2.2440944 0.8582676 0 P 0
L 2.1377953 1.059055 2.1417323 1.055118 0 P 0
L 2.1377953 1.1023622 2.1417323 1.1062992 0 P 0
L -2.140291 0.28 -2.140291 0.3399806 5 P 0 ;2,3=0,4=0.000000
L -2.140291 0.3399806 -2.1502878 0.3399806 5 P 0 ;2,3=0,4=0.000000
L 2.1417323 1.0078739 2.1417323 1.055118 0 P 0
L 2.1417323 1.0078739 2.1456693 1.0039369 0 P 0
L 2.1417323 1.1062992 2.1417323 1.1377953 0 P 0
L 2.1417323 1.1377953 2.1456693 1.1417323 0 P 0
L 2.1417324 0.6220472 2.4251969 0.6220472 0 P 0
L 2.1456693 1.0039369 2.1535433 1.0039369 0 P 0
L 2.1456693 1.1417323 2.1535433 1.1417323 0 P 0
L 2.1496063 0.6417323 2.1496063 0.8149606 0 P 0
L 2.1496063 0.6417323 2.1535433 0.6377953 0 P 0
L -2.1502878 0.28 -2.1302943 0.28 5 P 0 ;2,3=0,4=0.000000
L 2.1535433 0.6377953 2.5511811 0.6377953 0 P 0
L 2.1535433 1.0039369 2.1574803 1.0078739 0 P 0
L 2.1535433 1.1417323 2.1574803 1.1377953 0 P 0
L 2.1574803 1.0078739 2.1574803 1.055118 0 P 0
L 2.1574803 1.055118 2.1614173 1.059055 0 P 0
L 2.1574803 1.1062992 2.1574803 1.1377953 0 P 0
L 2.1574803 1.1062992 2.1614173 1.1023622 0 P 0
L 2.1614173 0.7795276 2.1614173 0.7874016 0 P 0
L 2.1614173 0.7795276 2.1653543 0.7755906 0 P 0
L 2.1614173 0.7874016 2.1653543 0.7913386 0 P 0
L 2.1614173 0.8149605 2.1614173 0.8228345 0 P 0
L 2.1614173 0.8149605 2.1653543 0.8110235 0 P 0
L 2.1614173 0.8228345 2.1653544 0.8267716 0 P 0
L 2.1614173 1.059055 2.1692913 1.059055 0 P 0
L 2.1614173 1.1023622 2.1692913 1.1023622 0 P 0
L 2.1653543 0.3464567 2.1732283 0.3385827 1 P 0
L 2.1653543 0.7755906 2.2362205 0.7755906 0 P 0
L 2.1653543 0.7913386 2.2440945 0.7913386 0 P 0
L 2.1653543 0.8110235 2.1870079 0.8110235 0 P 0
L 2.1653543 0.992126 2.1692913 0.988189 0 P 0
L 2.1653544 0.8267716 2.2440944 0.8267716 0 P 0
L 2.1692913 0.9527559 2.1692913 0.988189 0 P 0
L 2.1692913 0.9527559 2.1732283 0.9488189 0 P 0
L 2.1692913 1.059055 2.1732283 1.055118 0 P 0
L 2.1692913 1.1023622 2.1732283 1.1062992 0 P 0
L -2.1702813 0.28 -2.2002716 0.28 5 P 0 ;2,3=0,4=0.000000
L -2.1702813 0.3099903 -2.1702813 0.28 5 P 0 ;2,3=0,4=0.000000
L 2.1732283 0.2716536 2.2165354 0.2283465 1 P 0
L 2.1732283 0.3188976 2.1732283 0.3385827 1 P 0
L 2.1732283 0.3188976 2.1850393 0.3070866 1 P 0
L 2.1732283 0.9488189 2.1811024 0.9488189 0 P 0
L 2.1732283 1.007874 2.1732283 1.055118 0 P 0
L 2.1732283 1.007874 2.1811024 0.9999999 0 P 0
L 2.1732283 1.1062992 2.1732283 1.1377952 0 P 0
L 2.1732283 1.1377952 2.1771654 1.1417323 0 P 0
L 2.1771654 1.1417323 2.1850394 1.1417323 0 P 0
L -2.1802781 0.3199871 -2.1702813 0.3099903 5 P 0 ;2,3=0,4=0.000000
L 2.1811024 0.9488189 2.1850394 0.9527559 0 P 0
L 2.1811024 0.9999999 2.448819 0.9999999 0 P 0
L 2.1850393 0.3070866 2.2480315 0.3070866 1 P 0
L 2.1850394 0.9527559 2.1850394 0.980315 0 P 0
L 2.1850394 0.980315 2.1889764 0.984252 0 P 0
L 2.1850394 1.1417323 2.1889764 1.1377953 0 P 0
L 2.1889764 0.984252 2.4370079 0.984252 0 P 0
L 2.1889764 1.1062992 2.1889764 1.1377953 0 P 0
L 2.1889764 1.1062992 2.1929134 1.1023622 0 P 0
L 2.1929134 1.1023622 2.2007874 1.1023622 0 P 0
L -2.2002716 0.28 -2.2102684 0.2899968 5 P 0 ;2,3=0,4=0.000000
L -2.2002716 0.2999935 -2.1702813 0.2999935 5 P 0 ;2,3=0,4=0.000000
L -2.2002716 0.3199871 -2.1802781 0.3199871 5 P 0 ;2,3=0,4=0.000000
L 2.2007874 0.2874015 2.2401574 0.2480315 1 P 0
L 2.2007874 1.1023622 2.2047244 1.1062992 0 P 0
L 2.2047244 0.9212597 2.2047244 0.9212598 0 P 0
L 2.2047244 0.9212598 2.2086614 0.9251968 0 P 0
L 2.2047244 0.9370078 2.2086614 0.9330708 0 P 0
L 2.2047244 1.1062992 2.2047244 1.1377953 0 P 0
L 2.2047244 1.1377953 2.2086614 1.1417323 0 P 0
L 2.2086614 0.9251968 2.2086614 0.9330708 0 P 0
L 2.2086614 1.070866 2.2401574 1.03937 0 P 0
L 2.2086614 1.1417323 2.2165354 1.1417323 0 P 0
L -2.2102684 0.2899968 -2.2002716 0.2999935 5 P 0 ;2,3=0,4=0.000000
L 2.2165354 0.2283465 2.2795276 0.2283465 1 P 0
L 2.2165354 1.1417323 2.2204724 1.1377953 0 P 0
L 2.2204724 1.0866142 2.2204724 1.1377953 0 P 0
L 2.2204724 1.0866142 2.2244094 1.0826772 0 P 0
L 2.2244094 0.8897637 2.2283465 0.8937008 0 P 0
L 2.2244094 1.0826772 2.2322835 1.0826772 0 P 0
L 2.2244095 0.9055117 2.2283465 0.9015747 0 P 0
L 2.2283465 0.8425196 2.2283466 0.8425197 0 P 0
L 2.2283465 0.8740156 2.2283466 0.8740157 0 P 0
L 2.2283465 0.8937008 2.2283465 0.9015747 0 P 0
L 2.2283466 0.8425197 2.2440945 0.8425197 0 P 0
L 2.2283466 0.8740157 2.2440945 0.8740157 0 P 0
L -2.2302619 0.3099903 -2.2302619 0.28 5 P 0 ;2,3=0,4=0.000000
L 2.2322835 1.0826772 2.2362205 1.0866142 0 P 0
L 2.2362205 0.7755906 2.2401575 0.7716536 0 P 0
L 2.2362205 1.0866142 2.2362205 1.1377953 0 P 0
L 2.2362205 1.1377953 2.2401575 1.1417323 0 P 0
L 2.2401574 0.2480315 2.2795276 0.2480315 1 P 0
L 2.2401574 1.03937 2.3385827 1.03937 0 P 0
L 2.2401575 0.6574803 2.2401575 0.7716536 0 P 0
L 2.2401575 0.6574803 2.2440945 0.6535433 0 P 0
L 2.2401575 1.1417323 2.2480315 1.1417323 0 P 0
L -2.2402587 0.3199871 -2.2302619 0.3099903 5 P 0 ;2,3=0,4=0.000000
L 2.2440944 0.8267716 2.2480315 0.8307087 0 P 0
L 2.2440944 0.8582676 2.2480315 0.8622047 0 P 0
L 2.2440945 0.6535433 2.2519685 0.6535433 0 P 0
L 2.2440945 0.8425197 2.2480315 0.8385827 0 P 0
L 2.2440945 0.8740157 2.2480315 0.8700787 0 P 0
L 2.2480315 0.3070866 2.3503937 0.2047244 1 P 0
L 2.2480315 0.8307087 2.2480315 0.8385827 0 P 0
L 2.2480315 0.8622047 2.2480315 0.8700787 0 P 0
L 2.2480315 1.1417323 2.2519685 1.1377953 0 P 0
L 2.2519685 0.6535433 2.2559055 0.6574803 0 P 0
L 2.2519685 1.1062992 2.2519685 1.1377953 0 P 0
L 2.2519685 1.1062992 2.2559055 1.1023622 0 P 0
L 2.2559055 0.6574803 2.2559055 0.7755906 0 P 0
L 2.2559055 0.7755906 2.2637795 0.7834646 0 P 0
L 2.2559055 1.0669291 2.2559055 1.0866142 0 P 0
L 2.2559055 1.0669291 2.2637796 1.059055 0 P 0
L 2.2559055 1.1023622 2.2637795 1.1023622 0 P 0
L 2.2637795 0.7834646 2.2637795 0.8937008 0 P 0
L 2.2637795 0.8937008 2.2677165 0.8976378 0 P 0
L 2.2637795 1.1023622 2.2677165 1.1062992 0 P 0
L 2.2637796 1.059055 2.3110236 1.059055 0 P 0
L 2.2677165 0.8976378 2.2755906 0.8976378 0 P 0
L 2.2677165 1.1062992 2.2677165 1.1377953 0 P 0
L 2.2677165 1.1377953 2.2716535 1.1417323 0 P 0
L -2.270249 0.28 -2.270249 0.3199871 5 P 0 ;2,3=0,4=0.000000
L -2.270249 0.3199871 -2.2402587 0.3199871 5 P 0 ;2,3=0,4=0.000000
L 2.2716535 0.6574803 2.2716535 0.7716535 0 P 0
L 2.2716535 0.6574803 2.2716536 0.6574803 0 P 0
L 2.2716535 0.7716535 2.2795276 0.7795276 0 P 0
L 2.2716535 1.1417323 2.2795276 1.1417323 0 P 0
L 2.2716536 0.6574803 2.2755906 0.6535433 0 P 0
L 2.2755906 0.6535433 2.3661417 0.6535433 0 P 0
L 2.2755906 0.8976378 2.2795276 0.8937008 0 P 0
L 2.2795276 0.2283465 2.2992126 0.2086615 1 P 0
L 2.2795276 0.2480315 2.3267717 0.2007874 1 P 0
L 2.2795276 0.7795276 2.2795276 0.8937008 0 P 0
L 2.2795276 1.1417323 2.2834646 1.1377953 0 P 0
L 2.2834646 1.0748031 2.2834646 1.1377953 0 P 0
L 2.2834646 1.0748031 2.2874016 1.0708661 0 P 0
L 2.2874016 1.0708661 2.2952756 1.0708661 0 P 0
L -2.2902425 0.2700032 -2.2902425 0.3199871 5 P 0 ;2,3=0,4=0.000000
L -2.2902425 0.3199871 -2.3202328 0.3199871 5 P 0 ;2,3=0,4=0.000000
L 2.2952756 1.0708661 2.2992126 1.0748031 0 P 0
L 2.2992126 0.1732283 2.2992126 0.2086615 1 P 0
L 2.2992126 0.1732283 2.3149606 0.1574803 1 P 0
L 2.2992126 1.0748031 2.2992126 1.1377953 0 P 0
L 2.2992126 1.1377953 2.3031496 1.1417323 0 P 0
L -2.3002393 0.2600065 -2.2902425 0.2700032 5 P 0 ;2,3=0,4=0.000000
L 2.3031496 0.7913386 2.3149606 0.8031496 0 P 0
L 2.3031496 1.1417323 2.3149607 1.1417323 0 P 0
L -2.3102361 0.2600065 -2.3002393 0.2600065 5 P 0 ;2,3=0,4=0.000000
L 2.3110236 1.059055 2.3464567 1.0944881 0 P 0
L 2.3149606 0.8031496 2.3149606 0.9015748 0 P 0
L 2.3149606 0.9015748 2.3188976 0.9055118 0 P 0
L 2.3149607 1.1417323 2.3267717 1.1299213 0 P 0
L 2.3188976 0.9055118 2.3267717 0.9055118 0 P 0
L -2.3202328 0.28 -2.2902425 0.28 5 P 0 ;2,3=0,4=0.000000
L -2.3202328 0.3199871 -2.3302296 0.3099903 5 P 0 ;2,3=0,4=0.000000
L 2.3228347 0.5590551 2.4297599 0.4521299 0 P 0
L 2.3228347 0.9251969 2.3228347 0.9330709 0 P 0
L 2.3228347 0.9251969 2.3267718 0.9212598 0 P 0
L 2.3228347 0.9330709 2.3267716 0.9370078 0 P 0
L 2.3267716 0.9370078 2.4330708 0.9370078 0 P 0
L 2.3267717 0.1889763 2.3267717 0.2007874 1 P 0
L 2.3267717 0.1889763 2.3582677 0.1574803 1 P 0
L 2.3267717 0.9055118 2.3307087 0.9015748 0 P 0
L 2.3267717 1.0984252 2.3385826 1.1102361 0 P 0
L 2.3267718 0.9212598 2.4173228 0.9212598 0 P 0
L -2.3302296 0.2899968 -2.3202328 0.28 5 P 0 ;2,3=0,4=0.000000
L -2.3302296 0.3099903 -2.3302296 0.2899968 5 P 0 ;2,3=0,4=0.000000
L 2.3307087 0.5748031 2.4370079 0.4685039 0 P 0
L 2.3307087 0.8031496 2.3307087 0.9015748 0 P 0
L 2.3307087 0.8031496 2.3346457 0.7992126 0 P 0
L 2.3346457 0.7992126 2.3425197 0.7992126 0 P 0
L 2.3346457 0.9566929 2.3346457 0.9645669 0 P 0
L 2.3346457 0.9566929 2.3385828 0.9527558 0 P 0
L 2.3346457 0.9645669 2.3385826 0.9685038 0 P 0
L 2.3385826 0.5905512 2.4448818 0.484252 0 P 0
L 2.3385826 0.9685038 2.4370079 0.9685038 0 P 0
L 2.3385826 1.1102361 2.6653543 1.1102361 0 P 0
L 2.3385827 1.03937 2.3425197 1.043307 0 P 0
L 2.3385828 0.9527558 2.433071 0.9527558 0 P 0
L 2.3425197 0.7992126 2.3464567 0.8031496 0 P 0
L 2.3425197 1.043307 2.3425197 1.070866 0 P 0
L 2.3425197 1.070866 2.3464567 1.074803 0 P 0
L 2.3464567 0.3622047 2.3622047 0.3464567 1 P 0
L 2.3464567 0.8031496 2.3464567 0.9015748 0 P 0
L 2.3464567 0.9015748 2.3503937 0.9055118 0 P 0
L 2.3464567 1.074803 2.3543307 1.074803 0 P 0
L 2.3464567 1.0944881 2.6535433 1.0944881 0 P 0
L 2.3503937 0.9055118 2.4015748 0.9055118 0 P 0
L 2.3543307 1.074803 2.3582677 1.070866 0 P 0
L 2.3582677 1.0157479 2.3582677 1.070866 0 P 0
L 2.3582677 1.0157479 2.3622047 1.0118109 0 P 0
L -2.3602199 0.28 -2.3702166 0.28 5 P 0 ;2,3=0,4=0.000000
L 2.3622047 0.2952757 2.3622047 0.3464567 1 P 0
L 2.3622047 0.2952757 2.3937008 0.2637796 1 P 0
L 2.3622047 1.0118109 2.3700787 1.0118109 0 P 0
L 2.3661417 0.6535433 2.3700787 0.6574803 0 P 0
L 2.3700787 0.6574803 2.3700787 0.7440945 0 P 0
L 2.3700787 0.7440945 2.3740157 0.7480315 0 P 0
L 2.3700787 1.0118109 2.3740157 1.0157479 0 P 0
L -2.3702166 0.28 -2.3702166 0.3199871 5 P 0 ;2,3=0,4=0.000000
L -2.3702166 0.3199871 -2.3802134 0.3199871 5 P 0 ;2,3=0,4=0.000000
L 2.3740157 0.7480315 2.3818898 0.7480315 0 P 0
L 2.3740157 1.0157479 2.3740157 1.07874 0 P 0
L 2.3740157 1.07874 2.3779528 1.0826771 0 P 0
L 2.3779528 1.0826771 2.3858268 1.0826771 0 P 0
L -2.3802134 0.28 -2.3602199 0.28 5 P 0 ;2,3=0,4=0.000000
L 2.3818898 0.7480315 2.3858268 0.7440945 0 P 0
L 2.3858268 0.6574803 2.3858268 0.7440945 0 P 0
L 2.3858268 0.6574803 2.3897638 0.6535433 0 P 0
L 2.3858268 1.0826771 2.3897638 1.0787401 0 P 0
L 2.3897638 0.6535433 2.3976378 0.6535433 0 P 0
L 2.3897638 1.0157479 2.3897638 1.0787401 0 P 0
L 2.3897638 1.0157479 2.3937008 1.0118109 0 P 0
L 2.3937007 0.3779528 2.4291339 0.3425196 1 P 0
L 2.3937008 0.2047244 2.3937008 0.2637796 1 P 0
L 2.3937008 1.0118109 2.4015748 1.0118109 0 P 0
L 2.3937008 1.1574803 2.4173228 1.1338583 1 P 0
L 2.3976378 0.6535433 2.4015748 0.6574803 0 P 0
L -2.4002069 0.2899968 -2.4102037 0.28 5 P 0 ;2,3=0,4=0.000000
L -2.4002069 0.2999935 -2.4002069 0.2899968 5 P 0 ;2,3=0,4=0.000000
L -2.4002069 0.3299838 -2.4102037 0.3399806 5 P 0 ;2,3=0,4=0.000000
L 2.4015748 0.6574803 2.4015748 0.7440945 0 P 0
L 2.4015748 0.7440945 2.4055118 0.7480315 0 P 0
L 2.4015748 0.9055118 2.4055118 0.9015748 0 P 0
L 2.4015748 1.0118109 2.4055118 1.0157479 0 P 0
L 2.4055118 0.7480315 2.4133858 0.7480315 0 P 0
L 2.4055118 0.8031496 2.4055118 0.9015748 0 P 0
L 2.4055118 0.8031496 2.4094488 0.7992126 0 P 0
L 2.4055118 1.0157479 2.4055118 1.0787401 0 P 0
L 2.4055118 1.0787401 2.4094488 1.0826771 0 P 0
L 2.4094488 0.7992126 2.511811 0.7992126 0 P 0
L 2.4094488 1.0826771 2.4173228 1.0826771 0 P 0
L -2.4102037 0.28 -2.4301972 0.28 5 P 0 ;2,3=0,4=0.000000
L -2.4102037 0.3099903 -2.4002069 0.2999935 5 P 0 ;2,3=0,4=0.000000
L -2.4102037 0.3399806 -2.4301972 0.3399806 5 P 0 ;2,3=0,4=0.000000
L 2.4133858 0.7480315 2.4173228 0.7440945 0 P 0
L 2.4173228 0.6574803 2.4173228 0.7440945 0 P 0
L 2.4173228 0.6574803 2.4212598 0.6535433 0 P 0
L 2.4173228 0.9212598 2.4212598 0.9173228 0 P 0
L 2.4173228 1.0826771 2.4212598 1.0787401 0 P 0
L 2.4188237 0.6062992 2.5251229 0.5 0 P 0
L 2.4212598 0.6535433 2.4291339 0.6535433 0 P 0
L 2.4212598 0.8188976 2.4212598 0.8267717 0 P 0
L 2.4212598 0.8188976 2.4251968 0.8149606 0 P 0
L 2.4212598 0.8267717 2.4251968 0.8307087 0 P 0
L 2.4212598 0.8503938 2.4212598 0.9173228 0 P 0
L 2.4212598 0.8503938 2.4251969 0.8464567 0 P 0
L 2.4212598 1.015748 2.4212598 1.0787401 0 P 0
L 2.4212598 1.015748 2.4251969 1.0118109 0 P 0
L 2.4251968 0.8149606 2.511811 0.8149606 0 P 0
L 2.4251968 0.8307087 2.511811 0.8307087 0 P 0
L 2.4251969 0.6220472 2.5314961 0.515748 0 P 0
L 2.4251969 0.8464567 2.511811 0.8464567 0 P 0
L 2.4251969 1.0118109 2.4330709 1.0118109 0 P 0
L 2.4291339 0.1574803 2.4291339 0.3425196 1 P 0
L 2.4291339 0.6535433 2.4330709 0.6574803 0 P 0
L 2.4297599 0.4521299 2.6305473 0.4521299 0 P 0
L -2.4301972 0.28 -2.440194 0.2899968 5 P 0 ;2,3=0,4=0.000000
L -2.4301972 0.3099903 -2.4102037 0.3099903 5 P 0 ;2,3=0,4=0.000000
L -2.4301972 0.3399806 -2.440194 0.3299838 5 P 0 ;2,3=0,4=0.000000
L 2.4330708 0.9370078 2.4370079 0.9409449 0 P 0
L 2.4330709 0.6574803 2.4330709 0.7440945 0 P 0
L 2.4330709 0.7440945 2.4370079 0.7480315 0 P 0
L 2.4330709 1.0118109 2.4357835 1.0145235 0 P 0
L 2.433071 0.9527558 2.4370079 0.9488189 0 P 0
L 2.4357835 1.0145235 2.4357835 1.0775157 0 P 0
L 2.4357835 1.0775157 2.4409449 1.0826771 0 P 0
L 2.4370078 0.3937008 2.488189 0.3425196 1 P 0
L 2.4370079 0.4685039 2.6377953 0.4685039 0 P 0
L 2.4370079 0.7480315 2.4448819 0.7480315 0 P 0
L 2.4370079 0.9409449 2.4370079 0.9488189 0 P 0
L 2.4370079 0.9685038 2.4370079 0.968504 0 P 0
L 2.4370079 0.968504 2.4409449 0.972441 0 P 0
L 2.4370079 0.984252 2.4409449 0.980315 0 P 0
L -2.440194 0.3199871 -2.4301972 0.3099903 5 P 0 ;2,3=0,4=0.000000
L -2.440194 0.3299838 -2.440194 0.3199871 5 P 0 ;2,3=0,4=0.000000
L 2.4409449 0.972441 2.4409449 0.980315 0 P 0
L 2.4409449 1.0826771 2.4488189 1.0826771 0 P 0
L 2.4448818 0.484252 2.7007873 0.484252 0 P 0
L 2.4448819 0.7480315 2.4488189 0.7440945 0 P 0
L 2.4488189 0.6574803 2.4488189 0.7440945 0 P 0
L 2.4488189 0.6574803 2.4527559 0.6535433 0 P 0
L 2.4488189 1.0826771 2.4527559 1.0787401 0 P 0
L 2.448819 0.9999999 2.456693 0.9921259 0 P 0
L 2.4527559 0.6535433 2.5511811 0.6535433 0 P 0
L 2.4527559 0.9606299 2.5748031 0.8385827 1 P 0
L 2.4527559 1.03937 2.4527559 1.0787401 0 P 0
L 2.4527559 1.03937 2.4566929 1.035433 0 P 0
L 2.4566929 1.035433 2.4645669 1.035433 0 P 0
L 2.456693 0.9921259 2.488189 0.9921259 0 P 0
L 2.4585039 0.4094488 2.6238582 0.2440945 1 P 0
L 2.4645669 1.035433 2.4685039 1.03937 0 P 0
L 2.4685039 0.4251969 2.6102362 0.2834646 1 P 0
L 2.4685039 1.03937 2.4685039 1.0787401 0 P 0
L 2.4685039 1.0787401 2.4724409 1.0826771 0 P 0
L 2.4724409 1.0826771 2.480315 1.0826771 0 P 0
L 2.480315 1.0826771 2.484252 1.0787401 0 P 0
L 2.484252 1.031496 2.484252 1.0787401 0 P 0
L 2.484252 1.031496 2.488189 1.027559 0 P 0
L 2.488189 0.1574803 2.488189 0.3425196 1 P 0
L 2.488189 0.9921259 2.507874 1.0118109 0 P 0
L 2.488189 1.027559 2.496063 1.027559 0 P 0
L 2.496063 1.027559 2.5 1.031496 0 P 0
L 2.5 1.031496 2.5 1.0787401 0 P 0
L 2.5 1.0787401 2.503937 1.0826771 0 P 0
L 2.503937 1.0826771 2.511811 1.0826771 0 P 0
L 2.507874 1.0118109 2.6653544 1.0118109 0 P 0
L 2.511811 0.7992126 2.515748 0.8031496 0 P 0
L 2.511811 0.8149606 2.515748 0.8110236 0 P 0
L 2.511811 0.8307087 2.515748 0.8346457 0 P 0
L 2.511811 0.8464567 2.515748 0.8425197 0 P 0
L 2.511811 1.0826771 2.515748 1.0787401 0 P 0
L 2.515748 0.8031496 2.515748 0.8110236 0 P 0
L 2.515748 0.8346457 2.515748 0.8425197 0 P 0
L 2.515748 1.031496 2.515748 1.0787401 0 P 0
L 2.515748 1.031496 2.519685 1.027559 0 P 0
L 2.519685 1.027559 2.5275591 1.027559 0 P 0
L 2.5251229 0.5 2.7086614 0.5 0 P 0
L 2.5275591 1.027559 2.5314961 1.031496 0 P 0
L 2.5314961 0.515748 2.7125984 0.515748 0 P 0
L 2.5314961 1.031496 2.5314961 1.0787401 0 P 0
L 2.5314961 1.0787401 2.5354331 1.0826771 0 P 0
L 2.5354331 1.0826771 2.5433071 1.0826771 0 P 0
L 2.5393701 0.7755906 2.5393701 0.7834646 2 P 0
L 2.5393701 0.7834646 2.5393701 0.7952756 2 P 0
L 2.5393701 0.7834646 2.6417323 0.7834646 2 P 0
L 2.5433071 1.0826771 2.5472441 1.0787401 0 P 0
L 2.5472441 1.031496 2.5472441 1.0787401 0 P 0
L 2.5472441 1.031496 2.5511811 1.027559 0 P 0
L 2.5511811 0.6377953 2.5551181 0.6417323 0 P 0
L 2.5511811 0.6535433 2.5551181 0.6496063 0 P 0
L 2.5511811 1.027559 2.5590551 1.027559 0 P 0
L 2.5551181 0.6417323 2.5551181 0.6496063 0 P 0
L 2.5590551 1.027559 2.5629921 1.031496 0 P 0
L -2.5601552 0.3099903 -2.5201681 0.3099903 5 P 0 ;2,3=0,4=0.000000
L 2.5629921 1.031496 2.5629921 1.0787401 0 P 0
L 2.5629921 1.0787401 2.5669291 1.0826771 0 P 0
L 2.5669291 1.0826771 2.5748032 1.0826771 0 P 0
L 2.5748031 0.8385827 2.6259843 0.8385827 1 P 0
L 2.5748032 1.0826771 2.5787402 1.0787401 0 P 0
L 2.5787402 1.031496 2.5787402 1.0787401 0 P 0
L 2.5787402 1.031496 2.5826772 1.027559 0 P 0
L 2.5826772 1.027559 2.5905512 1.027559 0 P 0
L 2.5905512 1.027559 2.5944882 1.031496 0 P 0
L 2.5944882 1.031496 2.5944882 1.0787401 0 P 0
L 2.5944882 1.0787401 2.5984252 1.0826771 0 P 0
L 2.5984252 1.0826771 2.6062992 1.0826771 0 P 0
L 2.6062992 1.0826771 2.6102362 1.0787401 0 P 0
L 2.6102362 0.2834646 2.7047244 0.2834646 1 P 0
L 2.6102362 1.031496 2.6102362 1.0787401 0 P 0
L 2.6102362 1.031496 2.6141732 1.027559 0 P 0
L 2.6141732 1.027559 2.6220472 1.027559 0 P 0
L 2.6220472 1.027559 2.6259842 1.031496 0 P 0
L 2.6238582 0.2440945 2.7047244 0.2440945 1 P 0
L 2.6259842 1.031496 2.6259843 1.031496 0 P 0
L 2.6259843 1.031496 2.6259843 1.0787401 0 P 0
L 2.6259843 1.0787401 2.6299213 1.0826771 0 P 0
L 2.6299213 1.0826771 2.6377953 1.0826771 0 P 0
L 2.6305473 0.4521299 2.7401575 0.3425197 0 P 0
L 2.6377953 0.4685039 2.7677165 0.3385827 0 P 0
L 2.6377953 1.0826771 2.6417323 1.0787401 0 P 0
L -2.6401293 0.2899968 -2.6501261 0.28 5 P 0 ;2,3=0,4=0.000000
L -2.6401293 0.2999935 -2.6401293 0.2899968 5 P 0 ;2,3=0,4=0.000000
L -2.6401293 0.3199871 -2.6501261 0.3099903 5 P 0 ;2,3=0,4=0.000000
L -2.6401293 0.3299838 -2.6401293 0.3199871 5 P 0 ;2,3=0,4=0.000000
L 2.6417323 0.7834646 2.6811023 0.8228346 2 P 0
L 2.6417323 1.031496 2.6417323 1.0787401 0 P 0
L 2.6417323 1.031496 2.6456693 1.027559 0 P 0
L 2.6456693 1.027559 2.6535433 1.027559 0 P 0
L -2.6501261 0.28 -2.6701196 0.28 5 P 0 ;2,3=0,4=0.000000
L -2.6501261 0.3099903 -2.6401293 0.2999935 5 P 0 ;2,3=0,4=0.000000
L -2.6501261 0.3399806 -2.6401293 0.3299838 5 P 0 ;2,3=0,4=0.000000
L 2.6535433 1.027559 2.6574803 1.031496 0 P 0
L 2.6535433 1.0944881 2.6574803 1.0905511 0 P 0
L 2.6574803 1.031496 2.6574803 1.0905511 0 P 0
L 2.6653543 1.1102361 2.6771654 1.098425 0 P 0
L 2.6653544 1.0118109 2.6771654 1.0236219 0 P 0
L -2.6701196 0.28 -2.6801164 0.2899968 5 P 0 ;2,3=0,4=0.000000
L -2.6701196 0.3099903 -2.6501261 0.3099903 5 P 0 ;2,3=0,4=0.000000
L -2.6701196 0.3099903 -2.6801164 0.3199871 5 P 0 ;2,3=0,4=0.000000
L -2.6701196 0.3399806 -2.6501261 0.3399806 5 P 0 ;2,3=0,4=0.000000
L 2.6771654 1.0236219 2.6771654 1.098425 0 P 0
L -2.6801164 0.2899968 -2.6801164 0.2999935 5 P 0 ;2,3=0,4=0.000000
L -2.6801164 0.2999935 -2.6701196 0.3099903 5 P 0 ;2,3=0,4=0.000000
L -2.6801164 0.3199871 -2.6801164 0.3299838 5 P 0 ;2,3=0,4=0.000000
L -2.6801164 0.3299838 -2.6701196 0.3399806 5 P 0 ;2,3=0,4=0.000000
L 2.6811023 0.8228346 2.8385827 0.8228346 2 P 0
L 2.7007873 0.484252 2.7952756 0.3897637 0 P 0
L 2.7047244 0.2834646 2.7244094 0.2637796 1 P 0
L 2.7086614 0.5 2.8228346 0.3858268 0 P 0
L 2.7125984 0.515748 2.8464567 0.3818897 0 P 0
L 2.7244094 0.2165355 2.7244094 0.2637796 1 P 0
L 2.7244094 0.2165355 2.7480315 0.1929134 1 P 0
L 2.7401575 0.2598425 2.7401575 0.3425197 0 P 0
L 2.7677165 0.2598425 2.7677165 0.3385827 0 P 0
L -2.7800841 0.3199871 -2.7700873 0.3199871 5 P 0 ;2,3=0,4=0.000000
L -2.7900808 0.3099903 -2.7800841 0.3199871 5 P 0 ;2,3=0,4=0.000000
L 2.7952756 0.2598425 2.7952756 0.3897637 0 P 0
L -2.8000776 0.28 -2.8000776 0.2999935 5 P 0 ;2,3=0,4=0.000000
L -2.8000776 0.2999935 -2.7900808 0.3099903 5 P 0 ;2,3=0,4=0.000000
L -2.8000776 0.3199871 -2.8000776 0.28 5 P 0 ;2,3=0,4=0.000000
L -2.8200711 0.2999935 -2.8600582 0.2999935 5 P 0 ;2,3=0,4=0.000000
L -2.8200711 0.3099903 -2.8200711 0.2999935 5 P 0 ;2,3=0,4=0.000000
L 2.8228346 0.3267717 2.8228346 0.3858268 0 P 0
L 2.8228346 0.3267717 2.8464567 0.3031496 0 P 0
L -2.8300679 0.28 -2.8500614 0.28 5 P 0 ;2,3=0,4=0.000000
L -2.8300679 0.3199871 -2.8200711 0.3099903 5 P 0 ;2,3=0,4=0.000000
L 2.8385827 0.8228346 2.8661417 0.7952756 2 P 0
L 2.8464567 0.3307087 2.8464567 0.3818897 0 P 0
L -2.8500614 0.28 -2.8600582 0.2899968 5 P 0 ;2,3=0,4=0.000000
L -2.8500614 0.3199871 -2.8300679 0.3199871 5 P 0 ;2,3=0,4=0.000000
L -2.8600582 0.2899968 -2.8600582 0.3099903 5 P 0 ;2,3=0,4=0.000000
L -2.8600582 0.3099903 -2.8500614 0.3199871 5 P 0 ;2,3=0,4=0.000000
L 2.8661417 0.7952756 2.8661418 0.7952756 2 P 0
L 2.8661418 0.7952756 2.8740158 0.7874016 2 P 0
L 2.8740158 0.7874016 2.9094489 0.7874016 2 P 0
L -2.8800517 0.2700032 -2.8900485 0.2600065 5 P 0 ;2,3=0,4=0.000000
L -2.8800517 0.28 -2.8800517 0.2700032 5 P 0 ;2,3=0,4=0.000000
L -2.8800517 0.28 -2.8800517 0.3199871 5 P 0 ;2,3=0,4=0.000000
L -2.8900485 0.2600065 -2.9000453 0.2600065 5 P 0 ;2,3=0,4=0.000000
L 2.9094489 0.7874016 2.9586614 0.8366141 2 P 0
L -2.910042 0.28 -2.8800517 0.28 5 P 0 ;2,3=0,4=0.000000
L -2.9200388 0.2899968 -2.910042 0.28 5 P 0 ;2,3=0,4=0.000000
L -2.9200388 0.3199871 -2.9200388 0.2899968 5 P 0 ;2,3=0,4=0.000000
L -2.9400323 0.28 -2.9700226 0.28 5 P 0 ;2,3=0,4=0.000000
L -2.9400323 0.3099903 -2.9400323 0.28 5 P 0 ;2,3=0,4=0.000000
L -2.9500291 0.3199871 -2.9400323 0.3099903 5 P 0 ;2,3=0,4=0.000000
L 2.9586614 0.8366141 2.9586614 0.8503937 2 P 0
L 2.9586614 0.8503937 2.9586614 0.8700787 2 P 0
L -2.9700226 0.28 -2.9800194 0.2899968 5 P 0 ;2,3=0,4=0.000000
L -2.9700226 0.2999935 -2.9400323 0.2999935 5 P 0 ;2,3=0,4=0.000000
L -2.9700226 0.3199871 -2.9500291 0.3199871 5 P 0 ;2,3=0,4=0.000000
L -2.9800194 0.2899968 -2.9700226 0.2999935 5 P 0 ;2,3=0,4=0.000000
L -3.04 0.28 -3.0000129 0.28 5 P 0 ;2,3=0,4=0.000000
L -3.04 0.3399806 -3.04 0.28 5 P 0 ;2,3=0,4=0.000000
P 0.31 0.3149999 8 P 0 0 ;0=3,1=1
P 0.31 0.315 8 P 0 0 ;0=3,1=1
P 0.31 0.3649999 8 P 0 0 ;0=3,1=1
P 0.31 0.365 8 P 0 0 ;0=3,1=1
P 0.3110236 0.7755906 8 P 0 0 ;0=3,1=1
P 0.36 0.3149999 8 P 0 0 ;0=3,1=1
P 0.36 0.315 8 P 0 0 ;0=3,1=1
P 0.36 0.3649999 8 P 0 0 ;0=3,1=1
P 0.36 0.365 8 P 0 0 ;0=3,1=1
P 0.5314961 0.6417323 6 P 0 0 ;0=1,1=1
P 0.5314961 0.6732283 6 P 0 0 ;0=1,1=1
P 0.5314961 0.7047244 6 P 0 0 ;0=1,1=1
P 0.5629921 0.7047244 8 P 0 0 ;0=3,1=1
P 0.5629921 0.8307087 6 P 0 0 ;0=1,1=1
P 0.5984252 0.8937008 8 P 0 0 ;0=3,1=1
P 0.6574803 0.6732283 8 P 0 0 ;0=3,1=1
P 0.6574803 0.8622047 6 P 0 0 ;0=1,1=1
P 0.6574803 0.988189 6 P 0 0 ;0=1,1=1
P 0.6574803 1.019685 6 P 0 0 ;0=1,1=1
P 0.6692913 0.3031496 6 P 0 0 ;0=1,1=1
P 0.6889764 0.9251969 6 P 0 0 ;0=1,1=1
P 0.6889764 1.0826772 6 P 0 0 ;0=1,1=1
P 0.6929134 0.2559055 6 P 0 0 ;0=1,1=1
P 0.7047244 0.1574803 6 P 0 0 ;0=1,1=1
P 0.7283465 0.1259843 6 P 0 0 ;0=1,1=1
P 0.7755906 0.2047244 6 P 0 0 ;0=1,1=1
P 0.7992126 0.1259843 6 P 0 0 ;0=1,1=1
P 0.8464567 0.1574803 6 P 0 0 ;0=1,1=1
P 0.8464567 0.2047244 6 P 0 0 ;0=1,1=1
P 0.8700787 0.1259843 6 P 0 0 ;0=1,1=1
P 0.976378 0.3031496 6 P 0 0 ;0=1,1=1
P 0.984252 0.7047244 6 P 0 0 ;0=1,1=1
P 0.984252 0.7992126 6 P 0 0 ;0=1,1=1
P 0.984252 0.8937008 6 P 0 0 ;0=1,1=1
P 1.015748 0.7362205 6 P 0 0 ;0=1,1=1
P 1.015748 0.9566929 6 P 0 0 ;0=1,1=1
P 1.015748 0.988189 6 P 0 0 ;0=1,1=1
P 1.0472441 0.2559055 6 P 0 0 ;0=1,1=1
P 1.0472441 0.7992126 6 P 0 0 ;0=1,1=1
P 1.0787402 0.7362205 6 P 0 0 ;0=1,1=1
P 1.0787402 1.019685 6 P 0 0 ;0=1,1=1
P 1.1102362 0.7362205 6 P 0 0 ;0=1,1=1
P 1.1299213 0.3031496 6 P 0 0 ;0=1,1=1
P 1.1417323 0.7677165 6 P 0 0 ;0=1,1=1
P 1.1417323 0.9251969 6 P 0 0 ;0=1,1=1
P 1.1417323 1.019685 6 P 0 0 ;0=1,1=1
P 1.1417323 1.0511811 6 P 0 0 ;0=1,1=1
P 1.1732283 0.988189 6 P 0 0 ;0=1,1=1
P 1.1732283 1.051181 6 P 0 0 ;0=1,1=1
P 1.1889764 0.2559055 6 P 0 0 ;0=1,1=1
P 1.2047244 0.4527559 6 P 0 0 ;0=1,1=1
P 1.2047244 1.051181 6 P 0 0 ;0=1,1=1
P 1.2362205 0.515748 6 P 0 0 ;0=1,1=1
P 1.2362205 1.0196849 6 P 0 0 ;0=1,1=1
P 1.2677165 0.5472441 6 P 0 0 ;0=1,1=1
P 1.2677165 0.5787402 6 P 0 0 ;0=1,1=1
P 1.2992126 0.4212598 6 P 0 0 ;0=1,1=1
P 1.2992126 0.4527559 6 P 0 0 ;0=1,1=1
P 1.3188976 0.2559055 6 P 0 0 ;0=1,1=1
P 1.3307087 0.4527559 6 P 0 0 ;0=1,1=1
P 1.3622047 0.4212598 6 P 0 0 ;0=1,1=1
P 1.3622047 0.5787402 6 P 0 0 ;0=1,1=1
P 1.3937008 0.8622047 6 P 0 0 ;0=1,1=1
P 1.4251969 0.6102362 6 P 0 0 ;0=1,1=1
P 1.4251969 0.7047244 6 P 0 0 ;0=1,1=1
P 1.4251969 0.7362205 6 P 0 0 ;0=1,1=1
P 1.4251969 0.7992126 6 P 0 0 ;0=1,1=1
P 1.4251969 0.8622046 6 P 0 0 ;0=1,1=1
P 1.4566929 0.6417323 6 P 0 0 ;0=1,1=1
P 1.488189 0.5787402 6 P 0 0 ;0=1,1=1
P 1.488189 0.6417323 6 P 0 0 ;0=1,1=1
P 1.488189 0.9566929 6 P 0 0 ;0=1,1=1
P 1.5196849 0.8937008 6 P 0 0 ;0=1,1=1
P 1.519685 0.484252 6 P 0 0 ;0=1,1=1
P 1.519685 0.7047244 6 P 0 0 ;0=1,1=1
P 1.5511811 0.484252 6 P 0 0 ;0=1,1=1
P 1.5511811 0.515748 6 P 0 0 ;0=1,1=1
P 1.5511811 0.8307087 6 P 0 0 ;0=1,1=1
P 1.5826772 0.515748 6 P 0 0 ;0=1,1=1
P 1.5826772 0.5787402 6 P 0 0 ;0=1,1=1
P 1.5826772 0.7677165 6 P 0 0 ;0=1,1=1
P 1.5826772 0.8622047 6 P 0 0 ;0=1,1=1
P 1.6141732 0.7992126 6 P 0 0 ;0=1,1=1
P 1.7795276 0.2283465 6 P 0 0 ;0=1,1=1
P 1.8740157 0.2283465 6 P 0 0 ;0=1,1=1
P 1.9055118 0.8622047 6 P 0 0 ;0=1,1=1
P 1.9370079 0.2283465 6 P 0 0 ;0=1,1=1
P 1.9409449 0.8622047 6 P 0 0 ;0=1,1=1
P 1.980315 0.8622047 6 P 0 0 ;0=1,1=1
P 2.011811 0.8622047 6 P 0 0 ;0=1,1=1
P 2.0393701 0.9527559 6 P 0 0 ;0=1,1=1
P 2.0433071 0.8622047 6 P 0 0 ;0=1,1=1
P 2.0472441 0.2047244 6 P 0 0 ;0=1,1=1
P 2.1023622 0.1732283 6 P 0 0 ;0=1,1=1
P 2.1732283 0.1732283 6 P 0 0 ;0=1,1=1
P 2.1870079 0.8110235 6 P 0 0 ;0=1,1=1
P 2.2440945 0.7913386 6 P 0 0 ;0=1,1=1
P 2.2559055 1.0866142 6 P 0 0 ;0=1,1=1
P 2.3031496 0.7913386 6 P 0 0 ;0=1,1=1
P 2.3149606 0.1574803 6 P 0 0 ;0=1,1=1
P 2.3267717 1.0984252 6 P 0 0 ;0=1,1=1
P 2.3267717 1.1299213 6 P 0 0 ;0=1,1=1
P 2.3503937 0.2047244 6 P 0 0 ;0=1,1=1
P 2.3582677 0.1574803 6 P 0 0 ;0=1,1=1
P 2.3937008 0.2047244 6 P 0 0 ;0=1,1=1
P 2.4173228 1.1338583 6 P 0 0 ;0=1,1=1
P 2.4291339 0.1574803 6 P 0 0 ;0=1,1=1
P 2.4527559 0.9606299 6 P 0 0 ;0=1,1=1
P 2.488189 0.1574803 6 P 0 0 ;0=1,1=1
P 2.5393701 0.7755906 8 P 0 0 ;0=3,1=1
P 2.5393701 0.7952756 8 P 0 0 ;0=3,1=1
P 2.6259843 0.8385827 6 P 0 0 ;0=1,1=1
P 2.7047244 0.2440945 6 P 0 0 ;0=1,1=1
P 2.7401575 0.2598425 6 P 0 0 ;0=1,1=1
P 2.7480315 0.1929134 6 P 0 0 ;0=1,1=1
P 2.7677165 0.2598425 6 P 0 0 ;0=1,1=1
P 2.7952756 0.2598425 6 P 0 0 ;0=1,1=1
P 2.8464567 0.3031496 6 P 0 0 ;0=1,1=1
P 2.8464567 0.3307087 6 P 0 0 ;0=1,1=1
P 2.9586614 0.8503937 7 P 0 0 ;0=2,1=1
P 2.9586614 0.8700787 7 P 0 0 ;0=2,1=1
