#Layer_Physical_Order=4
#Layer_Color=16440176
#
#Feature symbol names
#
$0 r4.5
$1 r4
$2 r6
$3 r6.4
$4 r10
$5 r16
$6 r17
$7 r18

#
#Feature attribute names
#
@0 .geometry
@1 .pad_usage
@2 .nomenclature
@3 .string
@4 .string_angle

#
#Feature attribute text strings
#
&0 Layer 4 - Signal (Copper)
&1 VIA_RoundD16.0000H6.0000C22.0000
&2 VIA_RoundD17.0000H7.0000C23.0000
&3 VIA_RoundD18.0000H8.0000C24.0000

#
#Layer features
#
L 0.4330709 0.5944882 0.515748 0.5944882 2 P 0
L 0.4330709 0.6259843 0.5157481 0.6259843 2 P 0
L 0.4330709 0.6574803 0.515748 0.6574803 2 P 0
L 0.4330709 0.6889764 0.484252 0.6889764 2 P 0
L 0.4330709 0.7204724 0.440945 0.7283465 2 P 0
L 0.4330709 0.7519685 0.484252 0.7519685 2 P 0
L 0.440945 0.7283465 0.5236221 0.7283465 2 P 0
L 0.484252 0.6889764 0.492126 0.6968504 2 P 0
L 0.484252 0.7519685 0.5 0.7677165 2 P 0
L 0.492126 0.6968504 0.5236221 0.6968504 2 P 0
L 0.515748 0.5944882 0.531496 0.6102362 2 P 0
L 0.515748 0.6574803 0.531496 0.6732283 2 P 0
L 0.5157481 0.6259843 0.5314961 0.6417323 2 P 0
L 0.5236221 0.6968504 0.5314961 0.7047244 2 P 0
L 0.5236221 0.7283465 0.5314961 0.7362205 2 P 0
L 0.531496 0.6102362 0.5314961 0.6102362 2 P 0
L 0.531496 0.6732283 0.5314961 0.6732283 2 P 0
L 0.5314961 0.8937008 0.5787402 0.8464567 2 P 0
L 0.5629921 0.6417323 0.5905512 0.6141732 2 P 0
L 0.5629921 0.6732283 0.5944882 0.7047244 2 P 0
L 0.5629921 0.8937008 0.5787401 0.8779528 2 P 0
L 0.5748031 0.5905512 0.5748031 0.5944882 2 P 0
L 0.5748031 0.5905512 0.5826771 0.5826772 2 P 0
L 0.5748031 0.5944882 0.5748032 0.5944882 2 P 0
L 0.5748031 0.6574803 0.5748031 0.6614173 2 P 0
L 0.5748031 0.6574803 0.5826771 0.6496063 2 P 0
L 0.5748031 0.6614173 0.6062992 0.6929134 2 P 0
L 0.5748032 0.5944882 0.5905512 0.6102362 2 P 0
L 0.5787401 0.8779528 0.8622047 0.8779528 2 P 0
L 0.5787402 0.5472441 0.5787402 0.5511812 2 P 0
L 0.5787402 0.5472441 0.5866142 0.5393701 2 P 0
L 0.5787402 0.5511812 0.6141732 0.5866142 2 P 0
L 0.5787402 0.8464567 0.7440945 0.8464567 2 P 0
L 0.5826771 0.5826772 0.5866142 0.5826772 2 P 0
L 0.5826771 0.6496063 0.5866142 0.6496063 2 P 0
L 0.5866142 0.5393701 0.5905512 0.5393701 2 P 0
L 0.5866142 0.5826772 0.6023622 0.5984252 2 P 0
L 0.5866142 0.6496063 0.6338583 0.6968504 2 P 0
L 0.5905512 0.5393701 0.6259842 0.5748031 2 P 0
L 0.5905512 0.6102362 0.5905512 0.6141732 2 P 0
L 0.5944882 0.7047244 0.5984252 0.7047244 2 P 0
L 0.5984252 0.6338583 0.5984252 0.6377952 2 P 0
L 0.5984252 0.6338583 0.6062992 0.6259843 2 P 0
L 0.5984252 0.6377952 0.6456693 0.6850393 2 P 0
L 0.5984252 0.7047244 0.6062992 0.6968504 2 P 0
L 0.6023622 0.5984252 0.6062992 0.5984252 2 P 0
L 0.6062992 0.5984252 0.6141732 0.5905512 2 P 0
L 0.6062992 0.6259843 0.6102362 0.6259843 2 P 0
L 0.6062992 0.6929134 0.6062992 0.6968504 2 P 0
L 0.6102362 0.6259843 0.6417322 0.6574803 2 P 0
L 0.6102362 0.7204724 0.6732285 0.7204724 3 P 0
L 0.6141732 0.5866142 0.6141732 0.5905512 2 P 0
L 0.6220472 0.6102362 0.6220472 0.6141732 2 P 0
L 0.6220472 0.6102362 0.6692913 0.5629921 2 P 0
L 0.6220472 0.6141732 0.6220473 0.6141732 2 P 0
L 0.6220473 0.6141732 0.6299213 0.6220472 2 P 0
L 0.6259842 0.5748031 0.6299213 0.5748031 2 P 0
L 0.6259843 0.1574803 0.6259843 0.3818898 0 P 0
L 0.6259843 0.1574803 0.6574803 0.1259843 0 P 0
L 0.6259843 0.3818898 0.7362205 0.492126 0 P 0
L 0.6299213 0.5748031 0.6614173 0.5433071 2 P 0
L 0.6299213 0.6220472 0.6299213 0.6220473 2 P 0
L 0.6299213 0.6220473 0.6535433 0.6456693 2 P 0
L 0.6338583 0.6968504 0.6377953 0.6968504 2 P 0
L 0.6377953 0.6968504 0.6456693 0.6889764 2 P 0
L 0.6417322 0.6574803 0.6456693 0.6574803 2 P 0
L 0.6456693 0.6574803 0.6535433 0.6496063 2 P 0
L 0.6456693 0.6850393 0.6456693 0.6889764 2 P 0
L 0.6535433 0.6456693 0.6535433 0.6496063 2 P 0
L 0.6574803 0.6102362 0.6574803 0.6102363 2 P 0
L 0.6574803 0.6102363 0.7047243 0.6574803 2 P 0
L 0.6574803 0.7047243 0.6574803 0.7047244 2 P 0
L 0.6574803 0.7047244 0.6771654 0.6850393 2 P 0
L 0.6574803 0.8937008 0.6732283 0.9094488 2 P 0
L 0.6614173 0.5314961 0.6614173 0.5433071 2 P 0
L 0.6614173 0.5314961 0.6653543 0.5275591 2 P 0
L 0.6653543 0.5275591 0.6771654 0.5275591 2 P 0
L 0.6692913 0.2401575 0.6692913 0.2677165 0 P 0
L 0.6692913 0.2401575 0.7047244 0.2047244 0 P 0
L 0.6692913 0.2677165 0.6929134 0.2913386 0 P 0
L 0.6692913 0.5629921 0.8937007 0.5629921 2 P 0
L 0.6732283 0.9094488 0.7637795 0.9094488 2 P 0
L 0.6732285 0.7204724 0.6889764 0.7047245 3 P 0
L 0.6771654 0.5275591 0.6811024 0.5314961 2 P 0
L 0.6771654 0.6732283 0.6771654 0.6850393 2 P 0
L 0.6771654 0.6732283 0.6811024 0.6692913 2 P 0
L 0.6811024 0.5314961 0.6811024 0.5433071 2 P 0
L 0.6811024 0.5433071 0.6850394 0.5472441 2 P 0
L 0.6811024 0.6692913 0.6929134 0.6692913 2 P 0
L 0.6850394 0.5472441 0.6968504 0.5472441 2 P 0
L 0.6889764 0.9881889 0.6889764 0.988189 2 P 0
L 0.6889764 0.9881889 0.7047244 0.9724409 2 P 0
L 0.6929134 0.2913386 0.6929134 0.3307086 0 P 0
L 0.6929134 0.3307086 0.8307087 0.4685039 0 P 0
L 0.6929134 0.6692913 0.6968504 0.6732283 2 P 0
L 0.6968504 0.5472441 0.7007874 0.5433071 2 P 0
L 0.6968504 0.6732283 0.6968504 0.6850394 2 P 0
L 0.6968504 0.6850394 0.7007874 0.6889764 2 P 0
L 0.7007874 0.5314961 0.7007874 0.5433071 2 P 0
L 0.7007874 0.5314961 0.7047244 0.5275591 2 P 0
L 0.7007874 0.6889764 0.7362203 0.6889764 2 P 0
L 0.7047243 0.6574803 0.7637795 0.6574803 2 P 0
L 0.7047244 0.5275591 0.7165354 0.5275591 2 P 0
L 0.7047244 0.9724409 0.7637795 0.9724409 2 P 0
L 0.7165354 0.5275591 0.7204724 0.5314961 2 P 0
L 0.7204724 0.5314961 0.7204724 0.5393701 2 P 0
L 0.7204724 0.5393701 0.7244094 0.5433071 2 P 0
L 0.7204724 0.5787402 0.7362204 0.5944882 2 P 0
L 0.7204724 0.6102362 0.7362205 0.6259843 2 P 0
L 0.7204724 1.019685 0.7362204 1.003937 2 P 0
L 0.7244094 0.5433071 0.9133859 0.5433071 2 P 0
L 0.7362203 0.6889764 0.7362204 0.6889763 2 P 0
L 0.7362204 0.5944882 0.8267717 0.5944882 2 P 0
L 0.7362204 0.6889763 0.8543307 0.8070866 2 P 0
L 0.7362204 1.003937 0.7637795 1.003937 2 P 0
L 0.7362205 0.492126 1.0866142 0.492126 0 P 0
L 0.7362205 0.6259843 0.7637795 0.6259843 2 P 0
L 0.7440945 0.8464567 0.7480315 0.8425197 2 P 0
L 0.7480315 0.8307087 0.7480315 0.8425197 2 P 0
L 0.7480315 0.8307087 0.7519685 0.8267717 2 P 0
L 0.7519685 0.8267717 0.7637795 0.8267717 2 P 0
L 0.7637795 0.6259843 0.7677165 0.6220473 2 P 0
L 0.7637795 0.6574803 0.7755905 0.6692913 2 P 0
L 0.7637795 0.6889765 0.7637795 0.6929134 2 P 0
L 0.7637795 0.6889765 0.7755906 0.6771654 2 P 0
L 0.7637795 0.6929134 0.7716535 0.7007874 2 P 0
L 0.7637795 0.7598425 0.7637795 0.7637795 2 P 0
L 0.7637795 0.7598425 0.7716535 0.7519685 2 P 0
L 0.7637795 0.7637795 0.8307087 0.8307087 2 P 0
L 0.7637795 0.8267717 0.7677165 0.8307087 2 P 0
L 0.7637795 0.9094488 0.7677165 0.9133858 2 P 0
L 0.7637795 0.9724409 0.7795275 0.9566929 2 P 0
L 0.7637795 1.003937 0.7677165 1.007874 2 P 0
L 0.7677165 0.6161418 0.7677165 0.6220473 2 P 0
L 0.7677165 0.6161418 0.7736221 0.6102362 2 P 0
L 0.7677165 0.8307087 0.7677165 0.8425197 2 P 0
L 0.7677165 0.8425197 0.7716535 0.8464567 2 P 0
L 0.7677165 0.9133858 0.7677165 0.9291339 2 P 0
L 0.7677165 0.9291339 0.7716535 0.9330709 2 P 0
L 0.7677165 1.007874 0.7677165 1.019685 2 P 0
L 0.7677165 1.019685 0.7716535 1.023622 2 P 0
L 0.7716535 0.7007874 0.7755906 0.7007874 2 P 0
L 0.7716535 0.7519685 0.7755906 0.7519685 2 P 0
L 0.7716535 0.8464567 0.7834646 0.8464567 2 P 0
L 0.7716535 0.9330709 0.7834646 0.9330709 2 P 0
L 0.7716535 1.023622 0.7834646 1.023622 2 P 0
L 0.7736221 0.6102362 0.8149606 0.6102362 2 P 0
L 0.7755905 0.6692913 0.7755906 0.6692913 2 P 0
L 0.7755906 0.1574803 0.7755906 0.1614174 0 P 0
L 0.7755906 0.6692913 0.7755906 0.6771654 2 P 0
L 0.7755906 0.7007874 0.8031497 0.6732283 2 P 0
L 0.7755906 0.7519685 0.8425197 0.8188976 2 P 0
L 0.7795275 0.9566929 0.9015748 0.9566929 2 P 0
L 0.7834646 0.8464567 0.7874016 0.8425197 2 P 0
L 0.7834646 0.9330709 0.7874016 0.9291339 2 P 0
L 0.7834646 1.023622 0.7874016 1.019685 2 P 0
L 0.7874016 0.7125984 0.7874016 0.7165354 2 P 0
L 0.7874016 0.7125984 0.8149606 0.6850394 2 P 0
L 0.7874016 0.7165354 0.7952756 0.7244094 2 P 0
L 0.7874016 0.8307087 0.7874016 0.8425197 2 P 0
L 0.7874016 0.8307087 0.7913386 0.8267717 2 P 0
L 0.7874016 0.8976378 0.7874016 0.9291339 2 P 0
L 0.7874016 0.8976378 0.7913386 0.8937008 2 P 0
L 0.7874016 0.988189 0.7874016 1.019685 2 P 0
L 0.7874016 0.988189 0.7913386 0.984252 2 P 0
L 0.7913386 0.8267717 0.8031496 0.8267717 2 P 0
L 0.7913386 0.8937008 0.8031496 0.8937008 2 P 0
L 0.7913386 0.984252 0.8031496 0.984252 2 P 0
L 0.7952756 0.7244094 0.7992126 0.7244094 2 P 0
L 0.7992126 0.7244094 0.8149606 0.7086614 2 P 0
L 0.8031496 0.8267717 0.8070866 0.8307087 2 P 0
L 0.8031496 0.8937008 0.8070866 0.8976378 2 P 0
L 0.8031496 0.984252 0.8070866 0.988189 2 P 0
L 0.8031497 0.6732283 0.8070866 0.6732283 2 P 0
L 0.8070866 0.6732283 0.8149606 0.6811023 2 P 0
L 0.8070866 0.8307087 0.8070866 0.8425197 2 P 0
L 0.8070866 0.8425197 0.8110236 0.8464567 2 P 0
L 0.8070866 0.8976378 0.8070866 0.9291339 2 P 0
L 0.8070866 0.9291339 0.8110236 0.9330709 2 P 0
L 0.8070866 0.988189 0.8070866 1.019685 2 P 0
L 0.8070866 1.019685 0.8110236 1.023622 2 P 0
L 0.8110236 0.8464567 1 0.8464567 2 P 0
L 0.8110236 0.9330709 0.8228346 0.9330709 2 P 0
L 0.8110236 1.023622 0.8228347 1.023622 2 P 0
L 0.8149606 0.6102362 0.9488189 0.7440945 2 P 0
L 0.8149606 0.6811023 0.8149606 0.6850394 2 P 0
L 0.8149606 0.7086614 0.8228346 0.7086614 2 P 0
L 0.8228346 0.6614173 0.8228346 0.6653543 2 P 0
L 0.8228346 0.6614173 0.8228347 0.6614173 2 P 0
L 0.8228346 0.6653543 0.9251968 0.7677165 2 P 0
L 0.8228346 0.7086614 0.8700787 0.7559055 2 P 0
L 0.8228346 0.9330709 0.8267717 0.9291338 2 P 0
L 0.8228347 0.6614173 0.8307087 0.6535433 2 P 0
L 0.8228347 1.023622 0.8267717 1.019685 2 P 0
L 0.8267717 0.5944882 0.9527559 0.7204724 2 P 0
L 0.8267717 0.8976378 0.8267717 0.9291338 2 P 0
L 0.8267717 0.8976378 0.8307087 0.8937008 2 P 0
L 0.8267717 0.988189 0.8267717 1.019685 2 P 0
L 0.8267717 0.988189 0.8307087 0.984252 2 P 0
L 0.8307087 0.4685039 1.1220473 0.4685039 0 P 0
L 0.8307087 0.6535433 0.8346457 0.6535433 2 P 0
L 0.8307087 0.8307087 0.9566928 0.8307087 2 P 0
L 0.8307087 0.8937008 0.8425197 0.8937008 2 P 0
L 0.8307087 0.984252 0.8425197 0.984252 2 P 0
L 0.8346457 0.6535433 0.9370079 0.7559055 2 P 0
L 0.8425197 0.8188976 0.8464567 0.8188976 2 P 0
L 0.8425197 0.8937008 0.8464567 0.8976378 2 P 0
L 0.8425197 0.984252 0.8464567 0.988189 2 P 0
L 0.8464567 0.8188976 0.8543307 0.8110236 2 P 0
L 0.8464567 0.8976378 0.8464567 0.9291339 2 P 0
L 0.8464567 0.9291339 0.8503937 0.9330709 2 P 0
L 0.8464567 0.988189 0.8464567 1.019685 2 P 0
L 0.8464567 1.019685 0.8503937 1.023622 2 P 0
L 0.8503937 0.9330709 0.8622047 0.9330709 2 P 0
L 0.8503937 1.023622 0.8622047 1.023622 2 P 0
L 0.8543307 0.8070866 0.8543307 0.8110236 2 P 0
L 0.8582677 0.5984252 0.8582677 0.6023622 2 P 0
L 0.8582677 0.5984252 0.8661417 0.5905512 2 P 0
L 0.8582677 0.6023622 0.9645669 0.7086614 2 P 0
L 0.8622047 0.8779528 0.8661417 0.8818898 2 P 0
L 0.8622047 0.9330709 0.8661417 0.9291339 2 P 0
L 0.8622047 1.023622 0.8661417 1.019685 2 P 0
L 0.8661417 0.5905512 0.8661418 0.5905512 2 P 0
L 0.8661417 0.8818898 0.8661417 0.8937008 2 P 0
L 0.8661417 0.8937008 0.8700787 0.8976378 2 P 0
L 0.8661417 0.9173228 0.8661417 0.9291339 2 P 0
L 0.8661417 0.9173228 0.8700787 0.9133858 2 P 0
L 0.8661417 0.988189 0.8661417 1.019685 2 P 0
L 0.8661417 0.988189 0.8700787 0.984252 2 P 0
L 0.8661418 0.5905512 0.8779528 0.5787402 2 P 0
L 0.8700787 0.7559055 0.8700787 0.8110236 2 P 0
L 0.8700787 0.8110236 0.8740157 0.8149606 2 P 0
L 0.8700787 0.8976378 0.8818898 0.8976378 2 P 0
L 0.8700787 0.9133858 0.8818898 0.9133858 2 P 0
L 0.8700787 0.984252 0.8818898 0.984252 2 P 0
L 0.8740157 0.8149606 0.9527559 0.8149606 2 P 0
L 0.8779528 0.5787402 0.8818898 0.5787402 2 P 0
L 0.8818898 0.5787402 0.8897638 0.5866142 2 P 0
L 0.8818898 0.5984252 0.8818898 0.6023622 2 P 0
L 0.8818898 0.5984252 0.8897638 0.5905512 2 P 0
L 0.8818898 0.6023622 0.8897638 0.6102362 2 P 0
L 0.8818898 0.8976378 0.8858268 0.8937008 2 P 0
L 0.8818898 0.9133858 0.8858268 0.9173228 2 P 0
L 0.8818898 0.984252 0.8858268 0.988189 2 P 0
L 0.8858268 0.7874016 0.8858268 0.7952756 2 P 0
L 0.8858268 0.7874016 0.8897638 0.7834646 2 P 0
L 0.8858268 0.7952756 0.8897638 0.7992126 2 P 0
L 0.8858268 0.8818898 0.8858268 0.8937008 2 P 0
L 0.8858268 0.8818898 0.8897638 0.8779528 2 P 0
L 0.8858268 0.9173228 0.8858268 0.9291339 2 P 0
L 0.8858268 0.9291339 0.8897638 0.9330709 2 P 0
L 0.8858268 0.988189 0.8858268 1.019685 2 P 0
L 0.8858268 1.019685 0.8897638 1.023622 2 P 0
L 0.8897638 0.5866142 0.8897638 0.5905512 2 P 0
L 0.8897638 0.6102362 0.8937008 0.6102362 2 P 0
L 0.8897638 0.7834646 1.0905512 0.7834646 2 P 0
L 0.8897638 0.7992126 0.9527559 0.7992126 2 P 0
L 0.8897638 0.8779528 0.9015748 0.8779528 2 P 0
L 0.8897638 0.9330709 0.9015748 0.9330709 2 P 0
L 0.8897638 1.023622 0.9015748 1.023622 2 P 0
L 0.8937007 0.5629921 0.9881889 0.6574803 2 P 0
L 0.8937008 0.6102362 0.9015748 0.6023622 2 P 0
L 0.9015748 0.6023622 0.9055118 0.6023622 2 P 0
L 0.9015748 0.8779528 0.9055118 0.8818898 2 P 0
L 0.9015748 0.9330709 0.9055118 0.9291339 2 P 0
L 0.9015748 0.9566929 0.9055118 0.9606299 2 P 0
L 0.9015748 1.023622 0.9055118 1.019685 2 P 0
L 0.9055118 0.6023622 0.9133858 0.6102362 2 P 0
L 0.9055118 0.6220472 0.9055118 0.6259843 2 P 0
L 0.9055118 0.6220472 0.9133858 0.6141732 2 P 0
L 0.9055118 0.6259843 0.9133858 0.6338583 2 P 0
L 0.9055118 0.8818898 0.9055118 0.8937008 2 P 0
L 0.9055118 0.8937008 0.9094488 0.8976378 2 P 0
L 0.9055118 0.9173228 0.9055118 0.9291339 2 P 0
L 0.9055118 0.9173228 0.9094488 0.9133858 2 P 0
L 0.9055118 0.9606299 0.9055118 0.984252 2 P 0
L 0.9055118 0.984252 0.9094488 0.988189 2 P 0
L 0.9055118 1.007874 0.9055118 1.019685 2 P 0
L 0.9055118 1.007874 0.9094488 1.003937 2 P 0
L 0.9094488 0.8976378 0.9212599 0.8976378 2 P 0
L 0.9094488 0.9133858 0.9212599 0.9133858 2 P 0
L 0.9094488 0.988189 0.9212599 0.988189 2 P 0
L 0.9094488 1.003937 0.968504 1.003937 2 P 0
L 0.9133858 0.6102362 0.9133858 0.6141732 2 P 0
L 0.9133858 0.6338583 0.9173229 0.6338583 2 P 0
L 0.9133859 0.5433071 0.964567 0.5944882 2 P 0
L 0.9173229 0.6338583 0.9251969 0.6259843 2 P 0
L 0.9212599 0.8976378 0.9251969 0.8937008 2 P 0
L 0.9212599 0.9133858 0.9251969 0.9173228 2 P 0
L 0.9212599 0.988189 0.9251969 0.984252 2 P 0
L 0.9251968 0.7677165 0.9527559 0.7677165 2 P 0
L 0.9251969 0.6259843 0.9291339 0.6259843 2 P 0
L 0.9251969 0.8661417 0.9251969 0.8937008 2 P 0
L 0.9251969 0.8661417 0.9291339 0.8622047 2 P 0
L 0.9251969 0.9173228 0.9251969 0.9291339 2 P 0
L 0.9251969 0.9291339 0.9291339 0.9330709 2 P 0
L 0.9251969 0.9606299 0.9251969 0.984252 2 P 0
L 0.9251969 0.9606299 0.9291339 0.9566929 2 P 0
L 0.9291339 0.6259843 0.9370079 0.6338583 2 P 0
L 0.9291339 0.6456693 0.9291339 0.6496063 2 P 0
L 0.9291339 0.6456693 0.9370079 0.6377953 2 P 0
L 0.9291339 0.6496063 0.9370079 0.6574803 2 P 0
L 0.9291339 0.8622047 0.9409449 0.8622047 2 P 0
L 0.9291339 0.9330709 0.9409449 0.9330709 2 P 0
L 0.9291339 0.9566929 0.9409449 0.9566929 2 P 0
L 0.9370079 0.6338583 0.9370079 0.6377953 2 P 0
L 0.9370079 0.6574803 0.9409449 0.6574803 2 P 0
L 0.9370079 0.7559055 0.9409449 0.7559055 2 P 0
L 0.9409449 0.6574803 0.9488189 0.6496063 2 P 0
L 0.9409449 0.7559055 0.9488189 0.7480315 2 P 0
L 0.9409449 0.8622047 0.9448819 0.8661417 2 P 0
L 0.9409449 0.9330709 0.9448819 0.9291339 2 P 0
L 0.9409449 0.9566929 0.9448819 0.9606299 2 P 0
L 0.9448819 0.8661417 0.9448819 0.8740158 2 P 0
L 0.9448819 0.8740158 0.9488189 0.8779528 2 P 0
L 0.9448819 0.9133858 0.9448819 0.9291339 2 P 0
L 0.9448819 0.9133858 0.9488189 0.9094488 2 P 0
L 0.9448819 0.9606299 0.9448819 0.9685039 2 P 0
L 0.9448819 0.9685039 0.9488189 0.9724409 2 P 0
L 0.9488189 0.6496063 0.9606299 0.6496063 2 P 0
L 0.9488189 0.7440945 0.9488189 0.7480315 2 P 0
L 0.9488189 0.8779528 0.9999999 0.8779528 2 P 0
L 0.9488189 0.9094488 1.0314961 0.9094488 2 P 0
L 0.9488189 0.9724409 1.0629921 0.9724409 2 P 0
L 0.9527559 0.7204724 0.9566929 0.7204724 2 P 0
L 0.9527559 0.7677165 0.9685039 0.7519685 2 P 0
L 0.9527559 0.7992126 0.9566929 0.8031496 2 P 0
L 0.9527559 0.8149606 0.9566929 0.8110236 2 P 0
L 0.9566928 0.8307087 0.9724409 0.8149606 2 P 0
L 0.9566929 0.7204724 0.9645669 0.7125984 2 P 0
L 0.9566929 0.8031496 0.9566929 0.8110236 2 P 0
L 0.9606299 0.6496063 0.9685039 0.6574803 2 P 0
L 0.9645669 0.7086614 0.9645669 0.7125984 2 P 0
L 0.964567 0.5944882 1.0314961 0.5944882 2 P 0
L 0.9685039 0.6574803 0.9685039 0.6850394 2 P 0
L 0.9685039 0.6850394 0.9724409 0.6889764 2 P 0
L 0.9685039 0.7519685 0.976378 0.7519685 2 P 0
L 0.968504 1.003937 0.984252 0.988189 2 P 0
L 0.9724409 0.6889764 1.0275591 0.6889764 2 P 0
L 0.9724409 0.8149606 1.0590551 0.8149606 2 P 0
L 0.976378 0.7519685 0.980315 0.7559055 2 P 0
L 0.980315 0.2362205 0.980315 0.2716536 0 P 0
L 0.980315 0.2362205 1.0118111 0.2047244 0 P 0
L 0.980315 0.2716536 1 0.2913386 0 P 0
L 0.980315 0.7559055 0.980315 0.7637795 2 P 0
L 0.980315 0.7637795 0.984252 0.7677165 2 P 0
L 0.984252 0.7362204 0.984252 0.7362205 2 P 0
L 0.984252 0.7362204 1 0.7204724 2 P 0
L 0.984252 0.7677165 0.996063 0.7677165 2 P 0
L 0.9881889 0.6574803 1 0.6574803 2 P 0
L 0.996063 0.7677165 1 0.7637795 2 P 0
L 0.9999999 0.8779528 1.015748 0.8937009 2 P 0
L 1 0.2913386 1 0.3346457 0 P 0
L 1 0.3346457 1.03937 0.3740157 0 P 0
L 1 0.6574803 1.015748 0.6417323 2 P 0
L 1 0.7204724 1.0275591 0.7204724 2 P 0
L 1 0.7559055 1 0.7637795 2 P 0
L 1 0.7559055 1.003937 0.7519685 2 P 0
L 1 0.8464567 1.015748 0.8307087 2 P 0
L 1.003937 0.7519685 1.0590551 0.7519685 2 P 0
L 1.0118111 0.2047244 1.0354331 0.2047244 0 P 0
L 1.023622 0.2401575 1.023622 0.2755905 0 P 0
L 1.023622 0.2401575 1.0236221 0.2401575 0 P 0
L 1.023622 0.2755905 1.0472441 0.2992126 0 P 0
L 1.0236221 0.2401575 1.0314961 0.2322835 0 P 0
L 1.0275591 0.6889764 1.0314961 0.6929134 2 P 0
L 1.0275591 0.7204724 1.0314961 0.7165354 2 P 0
L 1.0314961 0.2322835 1.0393701 0.2322835 0 P 0
L 1.0314961 0.5944882 1.0314961 0.5944883 2 P 0
L 1.0314961 0.5944883 1.0629921 0.6259843 2 P 0
L 1.0314961 0.6929134 1.0314961 0.7165354 2 P 0
L 1.0314961 0.9094488 1.0472441 0.8937008 2 P 0
L 1.0354331 0.1574803 1.0590551 0.1811023 0 P 0
L 1.03937 0.3740157 1.3700787 0.3740157 0 P 0
L 1.0393701 0.2322835 1.0590551 0.2125985 0 P 0
L 1.0472441 0.2992126 1.0472441 0.3385827 0 P 0
L 1.0472441 0.3385827 1.0669291 0.3582677 0 P 0
L 1.0472441 0.7047244 1.0629921 0.6889764 2 P 0
L 1.0590551 0.1259843 1.0787402 0.1456694 0 P 0
L 1.0590551 0.1811023 1.0590551 0.2125985 0 P 0
L 1.0590551 0.7519685 1.0629921 0.7480315 2 P 0
L 1.0590551 0.8149606 1.0629921 0.8188976 2 P 0
L 1.0629921 0.6259843 1.0629921 0.6889764 2 P 0
L 1.0629921 0.7204724 1.0629921 0.7480315 2 P 0
L 1.0629921 0.7204724 1.0787401 0.7047244 2 P 0
L 1.0629921 0.8188976 1.0629921 0.8779528 2 P 0
L 1.0629921 0.8779528 1.0787401 0.8937008 2 P 0
L 1.0629921 0.9724409 1.0787402 0.988189 2 P 0
L 1.0669291 0.3582677 1.4055118 0.3582677 0 P 0
L 1.0787401 0.7047244 1.0787402 0.7047244 2 P 0
L 1.0787401 0.8937008 1.0787402 0.8937008 2 P 0
L 1.0787402 0.1456694 1.0787402 0.2795276 0 P 0
L 1.0787402 0.2795276 1.1417323 0.3425197 0 P 0
L 1.0787402 0.8307087 1.0944882 0.8149607 2 P 0
L 1.0866142 0.492126 1.1102362 0.515748 0 P 0
L 1.0905512 0.7834646 1.0944882 0.7874016 2 P 0
L 1.0944882 0.7874016 1.0944882 0.8149607 2 P 0
L 1.1062992 0.1574803 1.1692913 0.2204724 0 P 0
L 1.1062992 0.2047244 1.1299213 0.2283465 0 P 0
L 1.1220473 0.4685039 1.1259843 0.4724409 0 P 0
L 1.1259843 0.4724409 1.1259843 0.5314961 0 P 0
L 1.1259843 0.5314961 1.1417323 0.5472441 0 P 0
L 1.1299212 0.1259843 1.1299212 0.1417323 0 P 0
L 1.1299212 0.1417323 1.2086614 0.2204725 0 P 0
L 1.1299213 0.2283465 1.1299213 0.2677166 0 P 0
L 1.1299213 0.2677166 1.1889764 0.3267717 0 P 0
L 1.1417323 0.3425197 1.4251969 0.3425197 0 P 0
L 1.1417323 0.7992125 1.1574802 0.7834646 1 P 0
L 1.1417323 0.8307087 1.1574803 0.8149607 1 P 0
L 1.1574802 0.7834646 1.1850394 0.7834646 1 P 0
L 1.1574803 0.8149606 1.1574803 0.8149607 1 P 0
L 1.1574803 0.8149606 1.2165354 0.8149606 1 P 0
L 1.1692913 0.1259843 1.1692913 0.1456692 0 P 0
L 1.1692913 0.1456692 1.2519686 0.2283465 0 P 0
L 1.1692913 0.2204724 1.1692913 0.2795275 0 P 0
L 1.1692913 0.2795275 1.2007874 0.3110236 0 P 0
L 1.1732283 0.8937007 1.1889762 0.8779528 1 P 0
L 1.1850394 0.7834646 1.1889764 0.7795276 1 P 0
L 1.1889762 0.8779528 1.2480314 0.8779528 1 P 0
L 1.1889764 0.3267717 1.4409449 0.3267717 0 P 0
L 1.1889764 0.7244094 1.1889764 0.7795276 1 P 0
L 1.1889764 0.7244094 1.1929134 0.7204724 1 P 0
L 1.1929134 0.7204724 1.6574803 0.7204724 1 P 0
L 1.2007874 0.3110236 1.4448819 0.3110236 0 P 0
L 1.2086614 0.2204725 1.2086614 0.2755905 0 P 0
L 1.2086614 0.2755905 1.2283465 0.2952756 0 P 0
L 1.2165354 0.8149606 1.2204724 0.8110236 1 P 0
L 1.2204724 0.7559055 1.2204724 0.8110236 1 P 0
L 1.2204724 0.7559055 1.2244094 0.7519685 1 P 0
L 1.2244094 0.7519685 1.6535433 0.7519685 1 P 0
L 1.2283465 0.2952756 1.452756 0.2952756 0 P 0
L 1.2480314 0.8779528 1.2519685 0.8740157 1 P 0
L 1.2519685 0.7874016 1.2519685 0.8740157 1 P 0
L 1.2519685 0.7874016 1.2559055 0.7834646 1 P 0
L 1.2519686 0.2283465 1.4133859 0.2283465 0 P 0
L 1.2559055 0.7834646 1.6574803 0.7834646 1 P 0
L 1.2598425 0.2047244 1.4133858 0.2047244 0 P 0
L 1.2677165 0.8937008 1.2677166 0.8937008 1 P 0
L 1.2677166 0.8937008 1.2834646 0.8779528 1 P 0
L 1.2834646 0.8779528 1.3425196 0.8779528 1 P 0
L 1.2992126 0.9251969 1.3149606 0.9094488 1 P 0
L 1.2992126 0.9566929 1.3149606 0.9724409 1 P 0
L 1.3149606 0.9094488 1.3740157 0.9094488 1 P 0
L 1.3149606 0.9724409 1.4999999 0.9724409 1 P 0
L 1.3307087 0.4212598 1.3307087 0.4212599 0 P 0
L 1.3307087 0.4212599 1.3464567 0.4370079 0 P 0
L 1.3307087 0.5787401 1.3307087 0.5787402 0 P 0
L 1.3307087 0.5787401 1.3464567 0.5629921 0 P 0
L 1.3385827 0.1692913 1.4015747 0.1692913 0 P 0
L 1.3425196 0.8779528 1.3464567 0.8740157 1 P 0
L 1.3464567 0.4370079 1.3464567 0.5629921 0 P 0
L 1.3464567 0.8188976 1.3464567 0.8740157 1 P 0
L 1.3464567 0.8188976 1.3503937 0.8149606 1 P 0
L 1.3503937 0.8149606 1.6889764 0.8149606 1 P 0
L 1.3622047 0.3897638 1.3779528 0.4055119 0 P 0
L 1.3622047 0.5787402 1.3779528 0.5629921 0 P 0
L 1.3622047 1.019685 1.4409449 1.0984252 0 P 0
L 1.3700787 0.3740157 1.3937008 0.3976378 0 P 0
L 1.3740157 0.9094488 1.3779528 0.9055118 1 P 0
L 1.3779528 0.4055119 1.3779528 0.5629921 0 P 0
L 1.3779528 0.8503937 1.3779528 0.9055118 1 P 0
L 1.3779528 0.8503937 1.3818898 0.8464567 1 P 0
L 1.3818898 0.8464567 1.6929134 0.8464567 1 P 0
L 1.3937008 0.3976378 1.3937008 0.4212598 0 P 0
L 1.3937008 0.4527559 1.4094488 0.4370079 0 P 0
L 1.3937008 0.9251969 1.4094488 0.9094489 1 P 0
L 1.3937008 1.019685 1.4566929 1.0826771 0 P 0
L 1.4015747 0.1692913 1.5669291 0.3346457 0 P 0
L 1.4055118 0.3582677 1.4094488 0.3622047 0 P 0
L 1.4094488 0.3622047 1.4094488 0.4370079 0 P 0
L 1.4094488 0.4724409 1.4094488 0.5 0 P 0
L 1.4094488 0.4724409 1.4133858 0.4685039 0 P 0
L 1.4094488 0.5 1.4094489 0.5 0 P 0
L 1.4094488 0.8818898 1.4094488 0.9094489 1 P 0
L 1.4094488 0.8818898 1.4133858 0.8779528 1 P 0
L 1.4094489 0.5 1.4251969 0.515748 0 P 0
L 1.4133858 0.2047244 1.5354331 0.3267717 0 P 0
L 1.4133858 0.4685039 1.4370079 0.4685039 0 P 0
L 1.4133858 0.8779528 1.6811023 0.8779528 1 P 0
L 1.4133859 0.2283465 1.503937 0.3188976 0 P 0
L 1.4251969 0.3425197 1.4409449 0.3582677 0 P 0
L 1.4251969 0.484252 1.4409449 0.5 0 P 0
L 1.4251969 0.8937008 1.4409449 0.9094488 1 P 0
L 1.4251969 0.9251969 1.4409449 0.9409449 1 P 0
L 1.4251969 1.019685 1.4409449 1.035433 0 P 0
L 1.4370079 0.4685039 1.4409449 0.4645669 0 P 0
L 1.4409449 0.3267717 1.4566929 0.3425197 0 P 0
L 1.4409449 0.3582677 1.4409449 0.4645669 0 P 0
L 1.4409449 0.5 1.4685039 0.5 0 P 0
L 1.4409449 0.9094488 1.6692914 0.9094488 1 P 0
L 1.4409449 0.9409449 1.6574803 0.9409449 1 P 0
L 1.4409449 1.035433 1.4409449 1.0354331 0 P 0
L 1.4409449 1.0354331 1.4724409 1.0354331 0 P 0
L 1.4409449 1.0984252 1.6496063 1.0984252 0 P 0
L 1.4448819 0.3110236 1.4724409 0.3385826 0 P 0
L 1.452756 0.2952756 1.488189 0.3307086 0 P 0
L 1.4566929 0.3425197 1.4566929 0.4212598 0 P 0
L 1.4566929 0.515748 1.4566929 0.5157481 0 P 0
L 1.4566929 0.5157481 1.4724409 0.5314961 0 P 0
L 1.4566929 0.6732283 1.4724409 0.6574803 0 P 0
L 1.4566929 1.0826771 1.4566929 1.0826772 0 P 0
L 1.4566929 1.0826772 1.6574804 1.0826772 0 P 0
L 1.4685039 0.5 1.4724409 0.496063 0 P 0
L 1.4724409 0.3385826 1.4724409 0.496063 0 P 0
L 1.4724409 0.5314961 1.5 0.5314961 0 P 0
L 1.4724409 0.6574803 1.5984253 0.6574803 0 P 0
L 1.4724409 1.0354331 1.5039369 1.0669291 0 P 0
L 1.488189 0.3307086 1.488189 0.4212598 0 P 0
L 1.488189 0.7047244 1.503937 0.6889764 0 P 0
L 1.4999999 0.9724409 1.503937 0.976378 1 P 0
L 1.5 0.5314961 1.503937 0.5275591 0 P 0
L 1.5039369 1.0669291 2.2834646 1.0669291 0 P 0
L 1.503937 0.3188976 1.503937 0.5275591 0 P 0
L 1.503937 0.6889764 1.6181102 0.6889764 0 P 0
L 1.503937 0.976378 1.503937 1 1 P 0
L 1.503937 1 1.507874 1.003937 1 P 0
L 1.507874 1.003937 1.7165355 1.003937 1 P 0
L 1.519685 0.6417323 1.5196851 0.6417323 0 P 0
L 1.519685 1.019685 1.5354331 1.0354331 1 P 0
L 1.5196851 0.6417323 1.5354331 0.6259843 0 P 0
L 1.5354331 0.3267717 1.5354331 0.6259843 0 P 0
L 1.5354331 1.0354331 1.7086614 1.0354331 1 P 0
L 1.5511811 0.6417323 1.5669291 0.6259843 0 P 0
L 1.5511811 0.988189 1.5669291 0.9724409 1 P 0
L 1.5669291 0.3346457 1.5669291 0.5944882 0 P 0
L 1.5669291 0.5944882 1.5669292 0.5944882 0 P 0
L 1.5669291 0.6259843 1.5944881 0.6259843 0 P 0
L 1.5669291 0.9724409 1.7283465 0.9724409 1 P 0
L 1.5669292 0.5944882 1.5826772 0.6102362 0 P 0
L 1.5826772 0.5472441 1.5984252 0.5314961 0 P 0
L 1.5826772 0.6732283 1.6141733 0.6732283 0 P 0
L 1.5826772 0.7047244 1.6220473 0.7047244 0 P 0
L 1.5944881 0.6259843 1.5984252 0.6220472 0 P 0
L 1.5984252 0.3110236 1.5984252 0.5314961 0 P 0
L 1.5984252 0.3110236 1.6535433 0.2559055 0 P 0
L 1.5984252 0.5629921 1.5984252 0.6220472 0 P 0
L 1.5984252 0.5629921 1.6181102 0.5433071 0 P 0
L 1.5984253 0.6574803 1.6299213 0.6259843 0 P 0
L -1.6104625 0.6999935 -1.6104625 0.7199871 4 P 0 ;2,3=0,4=0.000000
L -1.6104625 0.7199871 -1.630456 0.7399806 4 P 0 ;2,3=0,4=0.000000
L 1.6141733 0.6732283 1.6456693 0.6417323 0 P 0
L 1.6181102 0.3818898 1.6181102 0.5433071 0 P 0
L 1.6181102 0.3818898 1.7440945 0.2559055 0 P 0
L 1.6181102 0.6889764 1.6653543 0.6417323 0 P 0
L 1.6220473 0.7047244 1.6811024 0.6456693 0 P 0
L 1.6299213 0.4330708 1.6299213 0.6259843 0 P 0
L 1.6299213 0.4330708 1.7598425 0.3031496 0 P 0
L -1.630456 0.68 -1.6104625 0.6999935 4 P 0 ;2,3=0,4=0.000000
L 1.6456693 0.4409449 1.6456693 0.6417323 0 P 0
L 1.6456693 0.4409449 1.7598425 0.3267717 0 P 0
L 1.6496063 1.0984252 1.6732283 1.1220472 0 P 0
L 1.6535433 0.2559055 1.6771653 0.2559055 0 P 0
L 1.6535433 0.7519685 1.7125984 0.6929134 1 P 0
L 1.6574803 0.7204724 1.6968504 0.6811023 1 P 0
L 1.6574803 0.7834646 1.7283465 0.7125984 1 P 0
L 1.6574803 0.9409449 1.7165354 0.8818898 1 P 0
L 1.6574804 1.0826772 1.6811024 1.1062992 0 P 0
L 1.6653543 0.4448819 1.6653543 0.6417323 0 P 0
L 1.6653543 0.4448819 1.7598425 0.3503937 0 P 0
L 1.6692914 0.9094488 1.9251969 0.6535433 1 P 0
L -1.6704431 0.7199871 -1.6604463 0.7199871 4 P 0 ;2,3=0,4=0.000000
L 1.6732283 1.1220472 2.2716536 1.1220472 0 P 0
L 1.6771653 0.2559055 1.7244094 0.2086614 0 P 0
L -1.6804398 0.7099903 -1.6704431 0.7199871 4 P 0 ;2,3=0,4=0.000000
L 1.6811023 0.8779528 1.9251968 0.6338583 1 P 0
L 1.6811024 0.4566929 1.6811024 0.6456693 0 P 0
L 1.6811024 0.4566929 1.7716536 0.3661417 0 P 0
L 1.6811024 1.1062992 2.2637796 1.1062992 0 P 0
L 1.6889764 0.8149606 1.7480315 0.7559055 1 P 0
L -1.6904366 0.68 -1.6904366 0.6999935 4 P 0 ;2,3=0,4=0.000000
L -1.6904366 0.6999935 -1.6804398 0.7099903 4 P 0 ;2,3=0,4=0.000000
L -1.6904366 0.7199871 -1.6904366 0.68 4 P 0 ;2,3=0,4=0.000000
L 1.6929134 0.8464567 1.9409449 0.5984252 1 P 0
L 1.6968504 0.4724409 1.6968504 0.6811023 1 P 0
L 1.6968504 0.4724409 1.7204724 0.4488189 1 P 0
L 1.7086614 1.0354331 1.8070866 0.9370079 1 P 0
L -1.7104301 0.6999935 -1.7504172 0.6999935 4 P 0 ;2,3=0,4=0.000000
L -1.7104301 0.7099903 -1.7104301 0.6999935 4 P 0 ;2,3=0,4=0.000000
L 1.7125984 0.484252 1.7125984 0.6929134 1 P 0
L 1.7125984 0.484252 1.7322835 0.4645669 1 P 0
L 1.7165354 0.8818898 1.8622047 0.8818898 1 P 0
L 1.7165355 1.003937 1.7992127 0.9212598 1 P 0
L -1.7204269 0.68 -1.7404204 0.68 4 P 0 ;2,3=0,4=0.000000
L -1.7204269 0.7199871 -1.7104301 0.7099903 4 P 0 ;2,3=0,4=0.000000
L 1.7204724 0.4488189 1.8070866 0.4488189 1 P 0
L 1.7244094 0.2086614 1.8858267 0.2086614 0 P 0
L 1.7283465 0.492126 1.7283465 0.7125984 1 P 0
L 1.7283465 0.492126 1.7440945 0.476378 1 P 0
L 1.7283465 0.9724409 1.7952756 0.9055118 1 P 0
L 1.7322835 0.4645669 1.8149607 0.4645669 1 P 0
L -1.7404204 0.68 -1.7504172 0.6899968 4 P 0 ;2,3=0,4=0.000000
L -1.7404204 0.7199871 -1.7204269 0.7199871 4 P 0 ;2,3=0,4=0.000000
L 1.7440945 0.2559055 1.7834646 0.2559055 0 P 0
L 1.7440945 0.476378 1.8267716 0.476378 1 P 0
L 1.7480315 0.6614173 1.7480315 0.7559055 1 P 0
L 1.7480315 0.6614173 1.8937008 0.515748 1 P 0
L -1.7504172 0.6899968 -1.7504172 0.7099903 4 P 0 ;2,3=0,4=0.000000
L -1.7504172 0.7099903 -1.7404204 0.7199871 4 P 0 ;2,3=0,4=0.000000
L 1.7598425 0.3031496 1.9251969 0.3031496 0 P 0
L 1.7598425 0.3267717 1.9409449 0.3267717 0 P 0
L 1.7598425 0.3503937 2.1220473 0.3503937 0 P 0
L -1.7704107 0.6899968 -1.7804075 0.68 4 P 0 ;2,3=0,4=0.000000
L -1.7704107 0.7099903 -1.7704107 0.6899968 4 P 0 ;2,3=0,4=0.000000
L 1.7716536 0.3661417 2.1535433 0.3661417 0 P 0
L -1.7804075 0.68 -1.8103978 0.68 4 P 0 ;2,3=0,4=0.000000
L -1.7804075 0.7199871 -1.7704107 0.7099903 4 P 0 ;2,3=0,4=0.000000
L 1.7834646 0.2559055 1.8110236 0.2283465 0 P 0
L 1.7952756 0.9055118 1.996063 0.9055118 1 P 0
L 1.7992127 0.9212598 2.0000001 0.9212598 1 P 0
L 1.8070866 0.4488189 1.8779527 0.3779528 1 P 0
L 1.8070866 0.9370079 2.003937 0.9370079 1 P 0
L -1.8103978 0.6600065 -1.8103978 0.7199871 4 P 0 ;2,3=0,4=0.000000
L -1.8103978 0.7199871 -1.7804075 0.7199871 4 P 0 ;2,3=0,4=0.000000
L 1.8149607 0.4645669 1.8897638 0.3897638 1 P 0
L 1.8267716 0.476378 1.9015748 0.4015748 1 P 0
L -1.8303913 0.6899968 -1.8403881 0.68 4 P 0 ;2,3=0,4=0.000000
L -1.8303913 0.7099903 -1.8303913 0.6899968 4 P 0 ;2,3=0,4=0.000000
L -1.8403881 0.68 -1.8703784 0.68 4 P 0 ;2,3=0,4=0.000000
L -1.8403881 0.7199871 -1.8303913 0.7099903 4 P 0 ;2,3=0,4=0.000000
L 1.8622047 0.8818898 1.9094488 0.8346457 1 P 0
L -1.8703784 0.6600065 -1.8703784 0.7199871 4 P 0 ;2,3=0,4=0.000000
L -1.8703784 0.7199871 -1.8403881 0.7199871 4 P 0 ;2,3=0,4=0.000000
L 1.8779527 0.3779528 2.4527559 0.3779528 1 P 0
L 1.8858267 0.2086614 1.9055118 0.2283465 0 P 0
L 1.8897638 0.3897638 2.4645669 0.3897638 1 P 0
L -1.8903719 0.6899968 -1.8903719 0.7099903 4 P 0 ;2,3=0,4=0.000000
L -1.8903719 0.7099903 -1.9003687 0.7199871 4 P 0 ;2,3=0,4=0.000000
L 1.8937008 0.4291339 1.8937008 0.515748 1 P 0
L 1.8937008 0.4291339 1.9094488 0.4133859 1 P 0
L -1.9003687 0.68 -1.8903719 0.6899968 4 P 0 ;2,3=0,4=0.000000
L -1.9003687 0.7199871 -1.9203622 0.7199871 4 P 0 ;2,3=0,4=0.000000
L 1.9015748 0.4015748 2.4763779 0.4015748 1 P 0
L 1.9094488 0.4133858 1.9094488 0.4133859 1 P 0
L 1.9094488 0.4133858 2.488189 0.4133858 1 P 0
L 1.9094488 0.8346457 2.3031495 0.8346457 1 P 0
L -1.9203622 0.68 -1.9003687 0.68 4 P 0 ;2,3=0,4=0.000000
L -1.9203622 0.7199871 -1.930359 0.7099903 4 P 0 ;2,3=0,4=0.000000
L 1.9251968 0.6338583 2.6141732 0.6338583 1 P 0
L 1.9251969 0.3031496 2.007874 0.2204725 0 P 0
L 1.9251969 0.6535433 2.5826772 0.6535433 1 P 0
L -1.930359 0.6899968 -1.9203622 0.68 4 P 0 ;2,3=0,4=0.000000
L -1.930359 0.7099903 -1.930359 0.6899968 4 P 0 ;2,3=0,4=0.000000
L 1.9409449 0.3267717 1.968504 0.2992126 0 P 0
L 1.9409449 0.5984252 2.6456693 0.5984252 1 P 0
L -1.9503525 0.7299838 -1.9603493 0.7399806 4 P 0 ;2,3=0,4=0.000000
L -1.9603493 0.68 -1.9503525 0.6899968 4 P 0 ;2,3=0,4=0.000000
L -1.9603493 0.7399806 -1.9803428 0.7399806 4 P 0 ;2,3=0,4=0.000000
L 1.968504 0.2992126 2.0511811 0.2992126 0 P 0
L 1.9724409 0.9881891 1.9724409 1.011811 0 P 0
L 1.9724409 0.9881891 2.0275591 0.9330709 0 P 0
L -1.9803428 0.68 -1.9603493 0.68 4 P 0 ;2,3=0,4=0.000000
L -1.9803428 0.7399806 -1.9903396 0.7299838 4 P 0 ;2,3=0,4=0.000000
L -1.9903396 0.6899968 -1.9803428 0.68 4 P 0 ;2,3=0,4=0.000000
L -1.9903396 0.7299838 -1.9903396 0.6899968 4 P 0 ;2,3=0,4=0.000000
L 1.996063 0.9055118 2.015748 0.8858268 1 P 0
L 2.0000001 0.9212598 2.0196851 0.9015748 1 P 0
L 2.003937 0.9370079 2.0236221 0.9173228 1 P 0
L 2.007874 0.2047244 2.007874 0.2204725 0 P 0
L 2.011811 1.0511811 2.0551181 1.0511811 0 P 0
L 2.015748 0.8858268 2.1377952 0.8858268 1 P 0
L 2.0196851 0.9015748 2.1417323 0.9015748 1 P 0
L -2.0203299 0.68 -2.0403234 0.6999935 4 P 0 ;2,3=0,4=0.000000
L 2.0236221 0.9173228 2.3661418 0.9173228 1 P 0
L 2.0275591 0.9330709 2.0787402 0.9330709 0 P 0
L -2.0403234 0.6999935 -2.0403234 0.7199871 4 P 0 ;2,3=0,4=0.000000
L -2.0403234 0.7199871 -2.0203299 0.7399806 4 P 0 ;2,3=0,4=0.000000
L 2.0511811 0.2992126 2.0826772 0.3307087 0 P 0
L 2.0551181 1.0511811 2.0748031 1.0314961 0 P 0
L 2.0748031 0.9527559 2.0748031 1.0314961 0 P 0
L 2.0787402 0.9330709 2.0984252 0.9527559 0 P 0
L 2.1220473 0.3503937 2.1338583 0.3385827 0 P 0
L -2.1302943 0.68 -2.140291 0.68 4 P 0 ;2,3=0,4=0.000000
L 2.1338583 0.2440944 2.1338583 0.3385827 0 P 0
L 2.1338583 0.2440944 2.1732283 0.2047244 0 P 0
L 2.1377952 0.8858268 2.1732283 0.8503937 1 P 0
L -2.140291 0.68 -2.140291 0.7399806 4 P 0 ;2,3=0,4=0.000000
L -2.140291 0.7399806 -2.1502878 0.7399806 4 P 0 ;2,3=0,4=0.000000
L 2.1417323 0.9015748 2.1732283 0.8700788 1 P 0
L -2.1502878 0.68 -2.1302943 0.68 4 P 0 ;2,3=0,4=0.000000
L 2.1535433 0.3661417 2.1732283 0.3464567 0 P 0
L -2.1702813 0.68 -2.2002716 0.68 4 P 0 ;2,3=0,4=0.000000
L -2.1702813 0.7099903 -2.1702813 0.68 4 P 0 ;2,3=0,4=0.000000
L 2.1732283 0.2362205 2.1732283 0.3464567 0 P 0
L 2.1732283 0.2362205 2.2362205 0.1732283 0 P 0
L 2.1732283 0.8503937 2.3070866 0.8503937 1 P 0
L 2.1732283 0.8700788 2.3937008 0.8700788 1 P 0
L -2.1802781 0.7199871 -2.1702813 0.7099903 4 P 0 ;2,3=0,4=0.000000
L -2.2002716 0.68 -2.2102684 0.6899968 4 P 0 ;2,3=0,4=0.000000
L -2.2002716 0.6999935 -2.1702813 0.6999935 4 P 0 ;2,3=0,4=0.000000
L -2.2002716 0.7199871 -2.1802781 0.7199871 4 P 0 ;2,3=0,4=0.000000
L -2.2102684 0.6899968 -2.2002716 0.6999935 4 P 0 ;2,3=0,4=0.000000
L -2.2302619 0.7099903 -2.2302619 0.68 4 P 0 ;2,3=0,4=0.000000
L -2.2402587 0.7199871 -2.2302619 0.7099903 4 P 0 ;2,3=0,4=0.000000
L 2.2637796 1.1062992 2.2952757 1.0748031 0 P 0
L -2.270249 0.68 -2.270249 0.7199871 4 P 0 ;2,3=0,4=0.000000
L -2.270249 0.7199871 -2.2402587 0.7199871 4 P 0 ;2,3=0,4=0.000000
L 2.2716536 1.1220472 2.2795276 1.1141732 0 P 0
L 2.2795276 1.1141732 3.011811 1.1141732 0 P 0
L 2.2834646 1.0669291 2.3070866 1.0433071 0 P 0
L -2.2902425 0.6700032 -2.2902425 0.7199871 4 P 0 ;2,3=0,4=0.000000
L -2.2902425 0.7199871 -2.3202328 0.7199871 4 P 0 ;2,3=0,4=0.000000
L 2.2952757 1.0748031 2.5472441 1.0748031 0 P 0
L -2.3002393 0.6600065 -2.2902425 0.6700032 4 P 0 ;2,3=0,4=0.000000
L 2.3031495 0.8346457 2.4330709 0.7047243 1 P 0
L 2.3070866 0.8503937 2.3740157 0.7834646 1 P 0
L 2.3070866 1.0433071 2.527559 1.0433071 0 P 0
L -2.3102361 0.6600065 -2.3002393 0.6600065 4 P 0 ;2,3=0,4=0.000000
L -2.3202328 0.68 -2.2902425 0.68 4 P 0 ;2,3=0,4=0.000000
L -2.3202328 0.7199871 -2.3302296 0.7099903 4 P 0 ;2,3=0,4=0.000000
L -2.3302296 0.6899968 -2.3202328 0.68 4 P 0 ;2,3=0,4=0.000000
L -2.3302296 0.7099903 -2.3302296 0.6899968 4 P 0 ;2,3=0,4=0.000000
L -2.3602199 0.68 -2.3702166 0.68 4 P 0 ;2,3=0,4=0.000000
L 2.3661418 0.9173228 2.5314961 0.7519685 1 P 0
L -2.3702166 0.68 -2.3702166 0.7199871 4 P 0 ;2,3=0,4=0.000000
L -2.3702166 0.7199871 -2.3802134 0.7199871 4 P 0 ;2,3=0,4=0.000000
L 2.3740157 0.7834646 2.4566929 0.7834646 1 P 0
L -2.3802134 0.68 -2.3602199 0.68 4 P 0 ;2,3=0,4=0.000000
L 2.3937008 0.8700788 2.5314961 0.7322835 1 P 0
L -2.4002069 0.6899968 -2.4102037 0.68 4 P 0 ;2,3=0,4=0.000000
L -2.4002069 0.6999935 -2.4002069 0.6899968 4 P 0 ;2,3=0,4=0.000000
L -2.4002069 0.7299838 -2.4102037 0.7399806 4 P 0 ;2,3=0,4=0.000000
L -2.4102037 0.68 -2.4301972 0.68 4 P 0 ;2,3=0,4=0.000000
L -2.4102037 0.7099903 -2.4002069 0.6999935 4 P 0 ;2,3=0,4=0.000000
L -2.4102037 0.7399806 -2.4301972 0.7399806 4 P 0 ;2,3=0,4=0.000000
L -2.4301972 0.68 -2.440194 0.6899968 4 P 0 ;2,3=0,4=0.000000
L -2.4301972 0.7099903 -2.4102037 0.7099903 4 P 0 ;2,3=0,4=0.000000
L -2.4301972 0.7399806 -2.440194 0.7299838 4 P 0 ;2,3=0,4=0.000000
L 2.4330709 0.7047243 2.5118111 0.7047243 1 P 0
L -2.440194 0.7199871 -2.4301972 0.7099903 4 P 0 ;2,3=0,4=0.000000
L -2.440194 0.7299838 -2.440194 0.7199871 4 P 0 ;2,3=0,4=0.000000
L 2.4527559 0.3779528 2.5472441 0.2834646 1 P 0
L 2.4566929 0.7834646 2.5275591 0.7125984 1 P 0
L 2.4645669 0.3897638 2.5511811 0.3031496 1 P 0
L 2.4763779 0.4015748 2.5551181 0.3228346 1 P 0
L 2.488189 0.4133858 2.5590551 0.3425197 1 P 0
L 2.5118111 0.7047243 2.523622 0.6929134 1 P 0
L 2.523622 0.6929134 2.5590551 0.6929134 1 P 0
L 2.527559 1.0433071 2.5551181 1.015748 0 P 0
L 2.5275591 0.7125984 2.5472441 0.7125984 1 P 0
L 2.5314961 0.7322835 2.5590551 0.7322835 1 P 0
L 2.5314961 0.7519685 2.5708661 0.7519685 1 P 0
L 2.5472441 0.2834646 2.8031496 0.2834646 1 P 0
L 2.5472441 1.0748031 2.5826771 1.0393701 0 P 0
L 2.5511811 0.3031496 2.8110236 0.3031496 1 P 0
L 2.5551181 0.3228346 2.8031496 0.3228346 1 P 0
L 2.5551181 1.015748 2.8425197 1.015748 0 P 0
L 2.5590551 0.3425197 2.7992126 0.3425197 1 P 0
L -2.5601552 0.7099903 -2.5201681 0.7099903 4 P 0 ;2,3=0,4=0.000000
L 2.5826771 1.0393701 2.6692913 1.0393701 0 P 0
L 2.6141732 0.6338583 2.6220472 0.6259843 1 P 0
L 2.6456693 0.5984252 2.6496063 0.5944882 1 P 0
L -2.6501261 0.68 -2.6501261 0.7399806 4 P 0 ;2,3=0,4=0.000000
L -2.6501261 0.7399806 -2.6801164 0.7099903 4 P 0 ;2,3=0,4=0.000000
L 2.6692913 1.0393701 2.7086614 1.0787402 0 P 0
L -2.6801164 0.7099903 -2.6401293 0.7099903 4 P 0 ;2,3=0,4=0.000000
L 2.7086614 1.0787402 2.8543307 1.0787402 0 P 0
L -2.7800841 0.7199871 -2.7700873 0.7199871 4 P 0 ;2,3=0,4=0.000000
L -2.7900808 0.7099903 -2.7800841 0.7199871 4 P 0 ;2,3=0,4=0.000000
L 2.7992126 0.3425197 2.8346457 0.3779528 1 P 0
L -2.8000776 0.68 -2.8000776 0.6999935 4 P 0 ;2,3=0,4=0.000000
L -2.8000776 0.6999935 -2.7900808 0.7099903 4 P 0 ;2,3=0,4=0.000000
L -2.8000776 0.7199871 -2.8000776 0.68 4 P 0 ;2,3=0,4=0.000000
L 2.8031496 0.2834646 2.8149606 0.2716536 1 P 0
L 2.8031496 0.3228346 2.8267717 0.3464567 1 P 0
L 2.8110236 0.3031496 2.8307087 0.2834645 1 P 0
L 2.8149606 0.1496063 2.8149606 0.2716536 1 P 0
L 2.8149606 0.1496063 2.8346456 0.1299213 1 P 0
L -2.8200711 0.6999935 -2.8600582 0.6999935 4 P 0 ;2,3=0,4=0.000000
L -2.8200711 0.7099903 -2.8200711 0.6999935 4 P 0 ;2,3=0,4=0.000000
L 2.8267717 0.3464567 2.8661417 0.3464567 1 P 0
L -2.8300679 0.68 -2.8500614 0.68 4 P 0 ;2,3=0,4=0.000000
L -2.8300679 0.7199871 -2.8200711 0.7099903 4 P 0 ;2,3=0,4=0.000000
L 2.8307087 0.1653543 2.8307087 0.2834645 1 P 0
L 2.8307087 0.1653543 2.8425197 0.1535433 1 P 0
L 2.8346456 0.1299213 2.8976378 0.1299213 1 P 0
L 2.8346457 0.3779528 2.8661417 0.3779528 1 P 0
L 2.8425197 0.1535433 2.8897638 0.1535433 1 P 0
L 2.8425197 1.015748 2.9842521 0.8740156 0 P 0
L -2.8500614 0.68 -2.8600582 0.6899968 4 P 0 ;2,3=0,4=0.000000
L -2.8500614 0.7199871 -2.8300679 0.7199871 4 P 0 ;2,3=0,4=0.000000
L 2.8503937 0.1732283 2.8858268 0.2086614 1 P 0
L 2.8543307 1.0787402 3.015748 0.9173229 0 P 0
L -2.8600582 0.6899968 -2.8600582 0.7099903 4 P 0 ;2,3=0,4=0.000000
L -2.8600582 0.7099903 -2.8500614 0.7199871 4 P 0 ;2,3=0,4=0.000000
L 2.8661417 0.3779528 2.8858268 0.3582677 1 P 0
L -2.8800517 0.6700032 -2.8900485 0.6600065 4 P 0 ;2,3=0,4=0.000000
L -2.8800517 0.68 -2.8800517 0.6700032 4 P 0 ;2,3=0,4=0.000000
L -2.8800517 0.68 -2.8800517 0.7199871 4 P 0 ;2,3=0,4=0.000000
L 2.8858268 0.2086614 2.8858268 0.3582677 1 P 0
L -2.8900485 0.6600065 -2.9000453 0.6600065 4 P 0 ;2,3=0,4=0.000000
L -2.910042 0.68 -2.8800517 0.68 4 P 0 ;2,3=0,4=0.000000
L -2.9200388 0.6899968 -2.910042 0.68 4 P 0 ;2,3=0,4=0.000000
L -2.9200388 0.7199871 -2.9200388 0.6899968 4 P 0 ;2,3=0,4=0.000000
L -2.9400323 0.68 -2.9700226 0.68 4 P 0 ;2,3=0,4=0.000000
L -2.9400323 0.7099903 -2.9400323 0.68 4 P 0 ;2,3=0,4=0.000000
L -2.9500291 0.7199871 -2.9400323 0.7099903 4 P 0 ;2,3=0,4=0.000000
L -2.9700226 0.68 -2.9800194 0.6899968 4 P 0 ;2,3=0,4=0.000000
L -2.9700226 0.6999935 -2.9400323 0.6999935 4 P 0 ;2,3=0,4=0.000000
L -2.9700226 0.7199871 -2.9500291 0.7199871 4 P 0 ;2,3=0,4=0.000000
L -2.9800194 0.6899968 -2.9700226 0.6999935 4 P 0 ;2,3=0,4=0.000000
L 2.984252 0.1535433 2.984252 0.3188976 0 P 0
L 2.984252 0.1535433 3.007874 0.1299213 0 P 0
L 2.984252 0.3188976 3.0314961 0.3661417 0 P 0
L 2.984252 0.3464567 2.9842521 0.3464567 0 P 0
L 2.9842521 0.3464567 2.9842521 0.8740156 0 P 0
L 3.003937 0.3031496 3.0314961 0.3031496 0 P 0
L 3.011811 1.1141732 3.1102362 1.015748 0 P 0
L 3.015748 0.4173229 3.015748 0.9173229 0 P 0
L 3.015748 0.4173229 3.0314961 0.4015748 0 P 0
L 3.0314961 0.3031496 3.1102362 0.3818897 0 P 0
L 3.0314961 0.3661417 3.0314961 0.4015748 0 P 0
L -3.04 0.68 -3.0000129 0.68 4 P 0 ;2,3=0,4=0.000000
L -3.04 0.7399806 -3.04 0.68 4 P 0 ;2,3=0,4=0.000000
L 3.1102362 0.3818897 3.1102362 1.015748 0 P 0
P 0.31 0.3149999 6 P 0 0 ;0=2,1=1
P 0.31 0.315 6 P 0 0 ;0=2,1=1
P 0.31 0.3649999 6 P 0 0 ;0=2,1=1
P 0.31 0.365 6 P 0 0 ;0=2,1=1
P 0.36 0.3149999 6 P 0 0 ;0=2,1=1
P 0.36 0.315 6 P 0 0 ;0=2,1=1
P 0.36 0.3649999 6 P 0 0 ;0=2,1=1
P 0.36 0.365 6 P 0 0 ;0=2,1=1
P 0.4330709 0.5944882 5 P 0 0 ;0=1,1=1
P 0.4330709 0.6259843 5 P 0 0 ;0=1,1=1
P 0.4330709 0.6574803 5 P 0 0 ;0=1,1=1
P 0.4330709 0.6889764 5 P 0 0 ;0=1,1=1
P 0.4330709 0.7204724 5 P 0 0 ;0=1,1=1
P 0.4330709 0.7519685 5 P 0 0 ;0=1,1=1
P 0.5 0.7677165 5 P 0 0 ;0=1,1=1
P 0.5314961 0.6102362 5 P 0 0 ;0=1,1=1
P 0.5314961 0.6417323 5 P 0 0 ;0=1,1=1
P 0.5314961 0.6732283 5 P 0 0 ;0=1,1=1
P 0.5314961 0.7047244 5 P 0 0 ;0=1,1=1
P 0.5314961 0.7362205 5 P 0 0 ;0=1,1=1
P 0.5314961 0.8937008 5 P 0 0 ;0=1,1=1
P 0.5629921 0.6417323 6 P 0 0 ;0=2,1=1
P 0.5629921 0.6732283 6 P 0 0 ;0=2,1=1
P 0.5629921 0.8937008 5 P 0 0 ;0=1,1=1
P 0.6102362 0.7204724 7 P 0 0 ;0=3,1=1
P 0.6574803 0.1259843 5 P 0 0 ;0=1,1=1
P 0.6574803 0.6102362 6 P 0 0 ;0=2,1=1
P 0.6574803 0.7047244 6 P 0 0 ;0=2,1=1
P 0.6574803 0.8937008 5 P 0 0 ;0=1,1=1
P 0.6889764 0.7047245 6 P 0 0 ;0=2,1=1
P 0.6889764 0.988189 5 P 0 0 ;0=1,1=1
P 0.7047244 0.2047244 5 P 0 0 ;0=1,1=1
P 0.7204724 0.5787402 6 P 0 0 ;0=2,1=1
P 0.7204724 0.6102362 6 P 0 0 ;0=2,1=1
P 0.7204724 1.019685 5 P 0 0 ;0=1,1=1
P 0.7755906 0.1574803 5 P 0 0 ;0=1,1=1
P 0.984252 0.7362205 5 P 0 0 ;0=1,1=1
P 0.984252 0.988189 5 P 0 0 ;0=1,1=1
P 1.015748 0.6417323 5 P 0 0 ;0=1,1=1
P 1.015748 0.8307087 5 P 0 0 ;0=1,1=1
P 1.015748 0.8937009 5 P 0 0 ;0=1,1=1
P 1.0354331 0.1574803 5 P 0 0 ;0=1,1=1
P 1.0354331 0.2047244 5 P 0 0 ;0=1,1=1
P 1.0472441 0.7047244 5 P 0 0 ;0=1,1=1
P 1.0472441 0.8937008 5 P 0 0 ;0=1,1=1
P 1.0590551 0.1259843 5 P 0 0 ;0=1,1=1
P 1.0787402 0.7047244 5 P 0 0 ;0=1,1=1
P 1.0787402 0.8307087 5 P 0 0 ;0=1,1=1
P 1.0787402 0.8937008 5 P 0 0 ;0=1,1=1
P 1.0787402 0.988189 6 P 0 0 ;0=2,1=1
P 1.1062992 0.1574803 5 P 0 0 ;0=1,1=1
P 1.1062992 0.2047244 5 P 0 0 ;0=1,1=1
P 1.1102362 0.515748 5 P 0 0 ;0=1,1=1
P 1.1299212 0.1259843 5 P 0 0 ;0=1,1=1
P 1.1417323 0.5472441 5 P 0 0 ;0=1,1=1
P 1.1417323 0.7992125 5 P 0 0 ;0=1,1=1
P 1.1417323 0.8307087 5 P 0 0 ;0=1,1=1
P 1.1692913 0.1259843 5 P 0 0 ;0=1,1=1
P 1.1732283 0.8937007 5 P 0 0 ;0=1,1=1
P 1.2598425 0.2047244 5 P 0 0 ;0=1,1=1
P 1.2677165 0.8937008 5 P 0 0 ;0=1,1=1
P 1.2992126 0.9251969 5 P 0 0 ;0=1,1=1
P 1.2992126 0.9566929 5 P 0 0 ;0=1,1=1
P 1.3307087 0.4212598 5 P 0 0 ;0=1,1=1
P 1.3307087 0.5787402 5 P 0 0 ;0=1,1=1
P 1.3385827 0.1692913 5 P 0 0 ;0=1,1=1
P 1.3622047 0.3897638 5 P 0 0 ;0=1,1=1
P 1.3622047 0.5787402 5 P 0 0 ;0=1,1=1
P 1.3622047 1.019685 5 P 0 0 ;0=1,1=1
P 1.3937008 0.4212598 5 P 0 0 ;0=1,1=1
P 1.3937008 0.4527559 5 P 0 0 ;0=1,1=1
P 1.3937008 0.9251969 5 P 0 0 ;0=1,1=1
P 1.3937008 1.019685 5 P 0 0 ;0=1,1=1
P 1.4251969 0.484252 5 P 0 0 ;0=1,1=1
P 1.4251969 0.515748 5 P 0 0 ;0=1,1=1
P 1.4251969 0.8937008 5 P 0 0 ;0=1,1=1
P 1.4251969 0.9251969 5 P 0 0 ;0=1,1=1
P 1.4251969 1.019685 5 P 0 0 ;0=1,1=1
P 1.4566929 0.4212598 5 P 0 0 ;0=1,1=1
P 1.4566929 0.515748 5 P 0 0 ;0=1,1=1
P 1.4566929 0.6732283 5 P 0 0 ;0=1,1=1
P 1.488189 0.4212598 5 P 0 0 ;0=1,1=1
P 1.488189 0.7047244 5 P 0 0 ;0=1,1=1
P 1.519685 0.6417323 5 P 0 0 ;0=1,1=1
P 1.519685 1.019685 5 P 0 0 ;0=1,1=1
P 1.5511811 0.6417323 5 P 0 0 ;0=1,1=1
P 1.5511811 0.988189 5 P 0 0 ;0=1,1=1
P 1.5826772 0.5472441 5 P 0 0 ;0=1,1=1
P 1.5826772 0.6102362 5 P 0 0 ;0=1,1=1
P 1.5826772 0.6732283 5 P 0 0 ;0=1,1=1
P 1.5826772 0.7047244 5 P 0 0 ;0=1,1=1
P 1.8110236 0.2283465 5 P 0 0 ;0=1,1=1
P 1.9055118 0.2283465 5 P 0 0 ;0=1,1=1
P 1.9724409 1.011811 5 P 0 0 ;0=1,1=1
P 2.007874 0.2047244 5 P 0 0 ;0=1,1=1
P 2.011811 1.0511811 5 P 0 0 ;0=1,1=1
P 2.0748031 0.9527559 5 P 0 0 ;0=1,1=1
P 2.0826772 0.3307087 5 P 0 0 ;0=1,1=1
P 2.0984252 0.9527559 5 P 0 0 ;0=1,1=1
P 2.1732283 0.2047244 5 P 0 0 ;0=1,1=1
P 2.2362205 0.1732283 5 P 0 0 ;0=1,1=1
P 2.5472441 0.7125984 5 P 0 0 ;0=1,1=1
P 2.5590551 0.6929134 5 P 0 0 ;0=1,1=1
P 2.5590551 0.7322835 5 P 0 0 ;0=1,1=1
P 2.5708661 0.7519685 5 P 0 0 ;0=1,1=1
P 2.5826772 0.6535433 5 P 0 0 ;0=1,1=1
P 2.6220472 0.6259843 5 P 0 0 ;0=1,1=1
P 2.6496063 0.5944882 5 P 0 0 ;0=1,1=1
P 2.8503937 0.1732283 5 P 0 0 ;0=1,1=1
P 2.8661417 0.3464567 5 P 0 0 ;0=1,1=1
P 2.8897638 0.1535433 5 P 0 0 ;0=1,1=1
P 2.8976378 0.1299213 5 P 0 0 ;0=1,1=1
P 2.984252 0.3464567 5 P 0 0 ;0=1,1=1
P 3.003937 0.3031496 5 P 0 0 ;0=1,1=1
P 3.007874 0.1299213 5 P 0 0 ;0=1,1=1
