#Layer_Physical_Order=7
#Layer_Color=6736896
#
#Feature symbol names
#
$0 r4.5
$1 r4
$2 r6.4
$3 r6
$4 r15
$5 r10
$6 r17
$7 r16
$8 r18

#
#Feature attribute names
#
@0 .geometry
@1 .pad_usage
@2 .nomenclature
@3 .string
@4 .string_angle

#
#Feature attribute text strings
#
&0 Layer 7 - Signal (Copper)
&1 VIA_RoundD17.0000H7.0000C23.0000
&2 VIA_RoundD16.0000H6.0000C22.0000
&3 VIA_RoundD18.0000H8.0000C24.0000

#
#Layer features
#
L 0.1338583 0.9448818 0.1850395 0.996063 0 P 0
L 0.1850395 0.996063 0.2125984 0.996063 0 P 0
L 0.2125984 0.996063 0.3661417 1.1496063 0 P 0
L 0.2322835 0.4527559 0.2834646 0.4015748 1 P 0
L 0.2598425 0.4527559 0.3582677 0.4527559 1 P 0
L 0.2834646 0.4015748 1.1220473 0.4015748 1 P 0
L 0.3267717 0.480315 0.4448818 0.480315 1 P 0
L 0.3582677 0.4527559 0.3740157 0.4370079 1 P 0
L 0.3661417 1.1496063 0.9488189 1.1496063 0 P 0
L 0.3700787 0.515748 0.3858267 0.5 1 P 0
L 0.3740157 0.4370079 1.2204724 0.4370079 1 P 0
L 0.3858267 0.5 0.9685039 0.5 1 P 0
L 0.4448818 0.480315 0.4724409 0.4527559 1 P 0
L 0.4724409 0.4527559 0.984252 0.4527559 1 P 0
L 0.484252 0.5944882 0.484252 0.9094488 3 P 0
L 0.484252 0.5944882 0.5 0.5787402 3 P 0
L 0.484252 0.9094488 0.5472441 0.9724409 3 P 0
L 0.5 0.8937008 0.515748 0.8779528 3 P 0
L 0.515748 0.8779528 0.7677165 0.8779528 3 P 0
L 0.5314961 0.8622047 0.5472441 0.8464567 3 P 0
L 0.5472441 0.8464567 0.5787402 0.8464567 3 P 0
L 0.5472441 0.9724409 0.5748031 0.9724409 3 P 0
L 0.5629921 0.5787402 0.5866142 0.5551181 3 P 0
L 0.5629921 0.7677165 0.5866142 0.7440944 3 P 0
L 0.5629922 0.7992126 0.6417323 0.7204725 3 P 0
L 0.5748031 0.9724409 0.6377953 1.0354331 3 P 0
L 0.5787402 0.8464567 0.5905512 0.8346457 3 P 0
L 0.5866142 0.5551181 0.7598425 0.5551181 3 P 0
L 0.5866142 0.7086614 0.5866142 0.7440944 3 P 0
L 0.5866142 0.7086614 0.6062992 0.6889764 3 P 0
L 0.5905512 0.4685039 0.6062993 0.484252 2 P 0
L 0.5905512 0.8346457 0.6338583 0.8346457 3 P 0
L 0.6062992 0.6889764 0.8031496 0.6889764 3 P 0
L 0.6062993 0.484252 0.984252 0.484252 2 P 0
L 0.6338583 0.8346457 0.6456693 0.8464567 3 P 0
L 0.6377953 1.0354331 1.0944882 1.0354331 3 P 0
L 0.6417323 0.7204724 0.8228347 0.7204724 3 P 0
L 0.6456693 0.8464567 0.7637795 0.8464567 3 P 0
L 0.6574803 0.7992126 0.6771654 0.7795275 3 P 0
L 0.6574803 0.8307087 0.6771654 0.8110236 3 P 0
L 0.6574803 0.9566929 0.6732283 0.9409449 3 P 0
L 0.6732283 0.9409449 1.0314961 0.9409449 3 P 0
L 0.6771654 0.7755905 0.6771654 0.7795275 3 P 0
L 0.6771654 0.7755905 0.6811024 0.7716535 3 P 0
L 0.6771654 0.8070866 0.6771654 0.8110236 3 P 0
L 0.6771654 0.8070866 0.6811024 0.8031496 3 P 0
L 0.6811024 0.7716535 0.6968503 0.7716535 3 P 0
L 0.6811024 0.8031496 0.6968504 0.8031496 3 P 0
L 0.6968503 0.7716535 0.7007874 0.7755906 3 P 0
L 0.6968504 0.8031496 0.7007874 0.8070866 3 P 0
L 0.7007874 0.7755906 0.7007874 0.7795276 3 P 0
L 0.7007874 0.7795276 0.7047244 0.7834646 3 P 0
L 0.7007874 0.8070866 0.7007874 0.8110236 3 P 0
L 0.7007874 0.8110236 0.7047244 0.8149606 3 P 0
L 0.7047244 0.7834646 0.7322835 0.7834646 3 P 0
L 0.7047244 0.8149606 0.7322835 0.8149606 3 P 0
L 0.7204724 0.7677165 0.7362204 0.7519685 3 P 0
L 0.7322835 0.7834646 0.7362205 0.7874016 3 P 0
L 0.7322835 0.8149606 0.7362205 0.8188976 3 P 0
L 0.7362204 0.7519685 0.8346457 0.7519685 3 P 0
L 0.7362205 0.7874016 0.7362205 0.7992126 3 P 0
L 0.7362205 0.7992126 0.7401575 0.8031496 3 P 0
L 0.7362205 0.8188976 0.7362205 0.8267717 3 P 0
L 0.7362205 0.8267717 0.7401575 0.8307087 3 P 0
L 0.7401575 0.8031496 0.7519685 0.8031496 3 P 0
L 0.7401575 0.8307087 0.7519685 0.8307087 3 P 0
L 0.7519685 0.8031496 0.7559055 0.7992126 3 P 0
L 0.7519685 0.8307087 0.7559055 0.8267717 3 P 0
L 0.7559055 0.7716535 0.7559055 0.7992126 3 P 0
L 0.7559055 0.7716535 0.7598425 0.7677165 3 P 0
L 0.7559055 0.8188976 0.7559055 0.8267717 3 P 0
L 0.7559055 0.8188976 0.7598425 0.8149606 3 P 0
L 0.7598425 0.5551181 0.7834646 0.5787402 3 P 0
L 0.7598425 0.7677165 0.7716536 0.7677165 3 P 0
L 0.7598425 0.8149606 0.7716536 0.8149606 3 P 0
L 0.7637795 0.8464567 0.7716535 0.8543307 3 P 0
L 0.7677165 0.8779528 0.7716535 0.8818898 3 P 0
L 0.7716535 0.8543307 0.8818898 0.8543307 3 P 0
L 0.7716535 0.8818898 0.9409448 0.8818898 3 P 0
L 0.7716536 0.7677165 0.7755906 0.7716535 3 P 0
L 0.7716536 0.8149606 0.7755906 0.8188976 3 P 0
L 0.7755906 0.7716535 0.7755906 0.7992126 3 P 0
L 0.7755906 0.7992126 0.7795276 0.8031496 3 P 0
L 0.7755906 0.8188976 0.7755906 0.8307087 3 P 0
L 0.7755906 0.8307087 0.7795276 0.8346457 3 P 0
L 0.7795276 0.8031496 0.7913386 0.8031496 3 P 0
L 0.7795276 0.8346457 0.7913386 0.8346457 3 P 0
L 0.7913386 0.8031496 0.7952756 0.7992126 3 P 0
L 0.7913386 0.8346457 0.7952756 0.8307087 3 P 0
L 0.7952756 0.7716535 0.7952756 0.7992126 3 P 0
L 0.7952756 0.7716535 0.7992126 0.7677165 3 P 0
L 0.7952756 0.8188976 0.7952756 0.8307087 3 P 0
L 0.7952756 0.8188976 0.7992126 0.8149606 3 P 0
L 0.7992126 0.7677165 0.8110236 0.7677165 3 P 0
L 0.7992126 0.8149606 0.8110236 0.8149606 3 P 0
L 0.8031496 0.6889763 0.8031496 0.6889764 3 P 0
L 0.8031496 0.6889763 0.8228346 0.6692913 3 P 0
L 0.8070866 0.6456693 0.8070866 0.6496063 3 P 0
L 0.8070866 0.6456693 0.8149606 0.6377953 3 P 0
L 0.8070866 0.6496063 0.8228346 0.6653543 3 P 0
L 0.8110236 0.7677165 0.8149606 0.7716535 3 P 0
L 0.8110236 0.8149606 0.8149606 0.8188976 3 P 0
L 0.8149606 0.6377953 0.8188976 0.6377953 3 P 0
L 0.8149606 0.7716535 0.8149606 0.7874016 3 P 0
L 0.8149606 0.7874016 0.8188976 0.7913386 3 P 0
L 0.8149606 0.8188976 0.8149606 0.8307087 3 P 0
L 0.8149606 0.8307087 0.8188976 0.8346457 3 P 0
L 0.8188976 0.6377953 0.8464566 0.6653543 3 P 0
L 0.8188976 0.7913386 0.8582677 0.7913386 3 P 0
L 0.8188976 0.8346457 0.8307087 0.8346457 3 P 0
L 0.8228346 0.6653543 0.8228346 0.6692913 3 P 0
L 0.8228347 0.7204724 0.9173228 0.6259843 3 P 0
L 0.8307087 0.6220472 0.8307087 0.6259843 3 P 0
L 0.8307087 0.6220472 0.8385827 0.6141732 3 P 0
L 0.8307087 0.6259843 0.8582677 0.6535433 3 P 0
L 0.8307087 0.8346457 0.8346457 0.8307087 3 P 0
L 0.8346457 0.7519685 0.9291339 0.6574803 3 P 0
L 0.8346457 0.8188976 0.8346457 0.8307087 3 P 0
L 0.8346457 0.8188976 0.8385827 0.8149606 3 P 0
L 0.8385827 0.6141732 0.8425197 0.6141732 3 P 0
L 0.8385827 0.8149606 0.8503937 0.8149606 3 P 0
L 0.8425197 0.6141732 0.8700788 0.6417323 3 P 0
L 0.8464566 0.6653543 0.8503937 0.6653543 3 P 0
L 0.8464567 0.2559055 0.8464567 0.3425197 0 P 0
L 0.8464567 0.3425197 0.8937008 0.3897638 0 P 0
L 0.8503937 0.6653543 0.8582677 0.6574803 3 P 0
L 0.8503937 0.8149606 0.8543307 0.8188976 3 P 0
L 0.8543307 0.8188976 0.8543307 0.8307087 3 P 0
L 0.8543307 0.8307087 0.8582677 0.8346457 3 P 0
L 0.8582677 0.6535433 0.8582677 0.6574803 3 P 0
L 0.8582677 0.7913386 0.8740157 0.7755906 3 P 0
L 0.8582677 0.8346457 0.8700787 0.8346457 3 P 0
L 0.8622047 0.7559055 0.8622047 0.7598425 3 P 0
L 0.8622047 0.7559055 0.8700787 0.7480315 3 P 0
L 0.8622047 0.7598425 0.8740157 0.7716535 3 P 0
L 0.8700787 0.3031496 0.8700787 0.3267716 0 P 0
L 0.8700787 0.3267716 0.9173228 0.3740157 0 P 0
L 0.8700787 0.6141732 0.8700787 0.6181102 3 P 0
L 0.8700787 0.6141732 0.8700788 0.6141732 3 P 0
L 0.8700787 0.6181102 0.8818898 0.6299213 3 P 0
L 0.8700787 0.7480315 0.8740157 0.7480315 3 P 0
L 0.8700787 0.8346457 0.8740157 0.8307087 3 P 0
L 0.8700788 0.6141732 0.8897638 0.5944882 3 P 0
L 0.8700788 0.6417323 0.8740158 0.6417323 3 P 0
L 0.8740157 0.7480315 0.8976377 0.7716535 3 P 0
L 0.8740157 0.7716535 0.8740157 0.7755906 3 P 0
L 0.8740157 0.8188976 0.8740157 0.8307087 3 P 0
L 0.8740157 0.8188976 0.8779527 0.8149606 3 P 0
L 0.8740158 0.6417323 0.8818898 0.6338583 3 P 0
L 0.8779527 0.8149606 0.8937008 0.8149606 3 P 0
L 0.8818898 0.6299213 0.8818898 0.6338583 3 P 0
L 0.8818898 0.7283465 0.8818898 0.7322835 3 P 0
L 0.8818898 0.7283465 0.8897639 0.7204724 3 P 0
L 0.8818898 0.7322835 0.9094488 0.7598425 3 P 0
L 0.8818898 0.8543307 0.8897638 0.8622047 3 P 0
L 0.8897638 0.5944882 1.0629921 0.5944882 3 P 0
L 0.8897638 0.8622047 0.9015748 0.8622047 3 P 0
L 0.8897639 0.7204724 0.8937008 0.7204724 3 P 0
L 0.8937008 0.2047244 0.8937008 0.2992127 0 P 0
L 0.8937008 0.2992127 0.9527558 0.3582677 0 P 0
L 0.8937008 0.3897638 1.2952756 0.3897638 0 P 0
L 0.8937008 0.7204724 0.9212599 0.7480315 3 P 0
L 0.8937008 0.8149606 0.9094489 0.8307087 3 P 0
L 0.8976377 0.7716535 0.9015748 0.7716535 3 P 0
L 0.8976378 0.7913386 0.8976378 0.7952756 3 P 0
L 0.8976378 0.7913386 0.9055118 0.7834646 3 P 0
L 0.8976378 0.7952756 0.9212598 0.8188976 3 P 0
L 0.9015748 0.7716535 0.9094488 0.7637795 3 P 0
L 0.9015748 0.8622047 0.9055118 0.8582677 3 P 0
L 0.9055118 0.7047244 0.9055118 0.7086614 3 P 0
L 0.9055118 0.7047244 0.9133858 0.6968504 3 P 0
L 0.9055118 0.7086614 0.9330709 0.7362205 3 P 0
L 0.9055118 0.7834646 0.9094489 0.7834646 3 P 0
L 0.9055118 0.8503937 0.9055118 0.8582677 3 P 0
L 0.9055118 0.8503937 0.9094488 0.8464567 3 P 0
L 0.9094488 0.7598425 0.9094488 0.7637795 3 P 0
L 0.9094488 0.8464567 0.9212598 0.8464567 3 P 0
L 0.9094489 0.7834646 0.9370079 0.8110236 3 P 0
L 0.9094489 0.8307087 0.9133858 0.8307087 3 P 0
L 0.9133858 0.6968504 0.9173228 0.6968504 3 P 0
L 0.9133858 0.8307087 0.9212598 0.8228347 3 P 0
L 0.9173228 0.3740157 1.3307086 0.3740157 0 P 0
L 0.9173228 0.6259843 1.0590551 0.6259843 3 P 0
L 0.9173228 0.6968504 0.9409448 0.7204724 3 P 0
L 0.9212598 0.7677165 0.9212598 0.7716535 3 P 0
L 0.9212598 0.7677165 0.9291338 0.7598425 3 P 0
L 0.9212598 0.7716535 0.9488189 0.7992126 3 P 0
L 0.9212598 0.8188976 0.9212598 0.8228347 3 P 0
L 0.9212598 0.8464567 0.9251968 0.8503937 3 P 0
L 0.9212599 0.7480315 0.9251969 0.7480315 3 P 0
L 0.9251968 0.8503937 0.9251969 0.8503937 3 P 0
L 0.9251969 0.7480315 0.9330709 0.7401575 3 P 0
L 0.9251969 0.8503937 0.9251969 0.8582677 3 P 0
L 0.9251969 0.8582677 0.9291339 0.8622047 3 P 0
L 0.9291338 0.7598425 0.9330709 0.7598425 3 P 0
L 0.9291339 0.6574803 1.0314961 0.6574803 3 P 0
L 0.9291339 0.8622047 0.9409449 0.8622047 3 P 0
L 0.9330709 0.7362205 0.9330709 0.7401575 3 P 0
L 0.9330709 0.7598425 0.9606299 0.7874015 3 P 0
L 0.9370079 0.8110236 0.9409449 0.8110236 3 P 0
L 0.9409448 0.7204724 0.9448819 0.7204724 3 P 0
L 0.9409448 0.8818898 0.9763779 0.8464567 3 P 0
L 0.9409449 0.8110236 0.9488189 0.8031496 3 P 0
L 0.9409449 0.8622047 0.9448819 0.8582677 3 P 0
L 0.9448819 0.6929134 0.9448819 0.7007874 3 P 0
L 0.9448819 0.6929134 0.9488189 0.6889764 3 P 0
L 0.9448819 0.7007874 0.9527559 0.7086614 3 P 0
L 0.9448819 0.7204724 0.9527559 0.7125984 3 P 0
L 0.9448819 0.7440945 0.9448819 0.7480316 3 P 0
L 0.9448819 0.7440945 0.968504 0.7204724 3 P 0
L 0.9448819 0.7480316 0.9724409 0.7755906 3 P 0
L 0.9448819 0.8307086 0.9448819 0.8582677 3 P 0
L 0.9448819 0.8307086 0.9606299 0.8149606 3 P 0
L 0.9488189 0.6889764 1 0.6889764 3 P 0
L 0.9488189 0.7992126 0.9488189 0.8031496 3 P 0
L 0.9488189 1.1496063 0.976378 1.1220472 0 P 0
L 0.9527558 0.3582677 1.3543307 0.3582677 0 P 0
L 0.9527559 0.2559055 0.9527559 0.3110236 0 P 0
L 0.9527559 0.3110236 0.984252 0.3425197 0 P 0
L 0.9527559 0.7086614 0.9527559 0.7125984 3 P 0
L 0.9527559 0.8937008 0.9685039 0.9094488 3 P 0
L 0.9606299 0.5433071 0.9724409 0.5551181 4 P 0
L 0.9606299 0.7874015 0.9606299 0.7874016 3 P 0
L 0.9606299 0.7874016 0.9645669 0.7874016 3 P 0
L 0.9606299 0.8149606 1 0.8149606 3 P 0
L 0.9645669 0.7874016 0.9724409 0.7795276 3 P 0
L 0.9685039 0.5 1 0.5314961 1 P 0
L 0.9685039 0.9094488 1.0629921 0.9094488 3 P 0
L 0.968504 0.7204724 1 0.7204724 3 P 0
L 0.9724409 0.5551181 1.1181102 0.5551181 4 P 0
L 0.9724409 0.7755906 0.9724409 0.7795276 3 P 0
L 0.9763779 0.8464567 1.0314961 0.8464567 3 P 0
L 0.976378 1.1220472 1.0590551 1.1220472 0 P 0
L 0.984252 0.3425197 1.3897638 0.3425197 0 P 0
L 0.984252 0.4527559 1 0.4685039 1 P 0
L 0.984252 0.484252 1 0.5 2 P 0
L 1 0.4685039 1.1574803 0.4685039 1 P 0
L 1 0.5 1.1889764 0.5 2 P 0
L 1 0.5314961 1.2480315 0.5314961 1 P 0
L 1 0.6889764 1.015748 0.6732284 3 P 0
L 1 0.7204724 1.015748 0.7047244 3 P 0
L 1 0.8149606 1.015748 0.7992126 3 P 0
L 1.015748 0.6732283 1.015748 0.6732284 3 P 0
L 1.023622 0.3031496 1.0472441 0.3267717 0 P 0
L 1.0314961 0.6574803 1.0472441 0.6732283 3 P 0
L 1.0314961 0.8464567 1.0472441 0.8307087 3 P 0
L 1.0314961 0.9409449 1.0472441 0.9251969 3 P 0
L 1.0472441 0.3267717 1.4094488 0.3267717 0 P 0
L 1.0590551 0.6259843 1.0629921 0.6299213 3 P 0
L 1.0590551 1.1220472 1.0708661 1.1102362 0 P 0
L 1.0629921 0.5944882 1.0944882 0.6259843 3 P 0
L 1.0629921 0.6299213 1.0629921 0.6535433 3 P 0
L 1.0629921 0.6535433 1.0669291 0.6574803 3 P 0
L 1.0629921 0.9094488 1.0787402 0.9251969 3 P 0
L 1.0669291 0.6574803 1.0944882 0.6574803 3 P 0
L 1.0708661 1.1102362 1.6574803 1.1102362 0 P 0
L 1.0944882 0.6259843 1.1259843 0.6259843 3 P 0
L 1.0944882 0.6574803 1.1102362 0.6417323 3 P 0
L 1.0944882 1.0354331 1.1102362 1.0196851 3 P 0
L 1.1102362 0.988189 1.1102363 0.988189 0 P 0
L 1.1102362 1.019685 1.1102362 1.0196851 3 P 0
L 1.1102363 0.988189 1.1259843 1.003937 0 P 0
L 1.1181102 0.5551181 1.1417323 0.5787402 4 P 0
L 1.1220473 0.4015748 1.1417323 0.4212598 1 P 0
L 1.1259843 0.6259843 1.1417323 0.6417323 3 P 0
L 1.1259843 1.003937 1.2480315 1.003937 0 P 0
L 1.1417323 0.5787402 1.1417323 0.6102362 4 P 0
L 1.1417323 0.6102362 1.1417323 0.6102363 2 P 0
L 1.1417323 0.6102363 1.1574803 0.6259843 2 P 0
L 1.1574803 0.4685039 1.1732283 0.4527559 1 P 0
L 1.1574803 0.6259843 1.1574803 0.8149606 2 P 0
L 1.1574803 0.8149606 1.1732283 0.8307086 2 P 0
L 1.1889764 0.5 1.2047244 0.515748 2 P 0
L 1.2204724 0.4370079 1.2362205 0.4212598 1 P 0
L 1.2204724 0.5669291 1.2204724 0.9724409 0 P 0
L 1.2204724 0.5669291 1.2244094 0.5629921 0 P 0
L 1.2204724 0.9724409 1.2362205 0.988189 0 P 0
L 1.2244094 0.5629921 1.3110236 0.5629921 0 P 0
L 1.2480315 0.5314961 1.2519685 0.5275591 1 P 0
L 1.2480315 1.003937 1.2519685 1 0 P 0
L 1.2519685 0.4370079 1.2519685 0.5275591 1 P 0
L 1.2519685 0.4370079 1.2677165 0.4212599 1 P 0
L 1.2519685 0.5984252 1.2519685 1 0 P 0
L 1.2519685 0.5984252 1.2559055 0.5944882 0 P 0
L 1.2559055 0.5944882 1.3425197 0.5944882 0 P 0
L 1.2677165 0.4212598 1.2677165 0.4212599 1 P 0
L 1.2677165 0.7992126 1.2834646 0.8149607 2 P 0
L 1.2834646 0.8149607 1.2834646 1.0866142 2 P 0
L 1.2952756 0.3897638 1.3149606 0.4094488 0 P 0
L 1.3110236 0.5629921 1.3149606 0.5590551 0 P 0
L 1.3149606 0.4094488 1.3149606 0.4645669 0 P 0
L 1.3149606 0.4645669 1.3188976 0.4685039 0 P 0
L 1.3149606 0.503937 1.3149606 0.5590551 0 P 0
L 1.3149606 0.503937 1.3188976 0.5 0 P 0
L 1.3149606 0.940945 1.3149606 1.0669291 2 P 0
L 1.3149606 0.940945 1.3307087 0.9251969 2 P 0
L 1.3149606 1.0669291 1.3346457 1.0866142 2 P 0
L 1.3188976 0.4685039 1.3464567 0.4685039 0 P 0
L 1.3188976 0.5 1.4685039 0.5 0 P 0
L 1.3307086 0.3740157 1.3464567 0.3897638 0 P 0
L 1.3346457 0.2755905 1.4251968 0.1850394 0 P 0
L 1.3425197 0.5944882 1.3464567 0.5905512 0 P 0
L 1.3464567 0.3897638 1.3464567 0.4370079 0 P 0
L 1.3464567 0.4370079 1.3622047 0.4527559 0 P 0
L 1.3464567 0.4685039 1.3622047 0.4842519 0 P 0
L 1.3464567 0.5354331 1.3464567 0.5905512 0 P 0
L 1.3464567 0.5354331 1.3503937 0.5314961 0 P 0
L 1.3503937 0.5314961 1.5 0.5314961 0 P 0
L 1.3543307 0.3582677 1.3779528 0.3818898 0 P 0
L 1.3622047 0.4842519 1.3622047 0.484252 0 P 0
L 1.3622047 0.988189 1.3779527 1.003937 0 P 0
L 1.3740157 0.2755906 1.4488189 0.2007874 0 P 0
L 1.3779527 1.003937 1.3779528 1.003937 0 P 0
L 1.3779528 0.3818898 1.3779528 0.468504 0 P 0
L 1.3779528 0.468504 1.3937008 0.484252 0 P 0
L 1.3779528 1.003937 1.3779528 1.0354331 0 P 0
L 1.3779528 1.0354331 1.4251969 1.0826772 0 P 0
L 1.3897638 0.3425197 1.4094488 0.3622047 0 P 0
L 1.3937008 0.7992126 1.4094488 0.7834646 0 P 0
L 1.3937008 0.9566929 1.4094488 0.9724409 0 P 0
L 1.4094488 0.3267717 1.4409449 0.3582678 0 P 0
L 1.4094488 0.3622047 1.4094488 0.4645669 0 P 0
L 1.4094488 0.4645669 1.4133858 0.4685039 0 P 0
L 1.4094488 0.6929134 1.4094488 0.7834646 0 P 0
L 1.4094488 0.6929134 1.4133858 0.6889764 0 P 0
L 1.4094488 0.9724409 1.4094488 1.035433 0 P 0
L 1.4094488 1.035433 1.4409449 1.0669291 0 P 0
L 1.4133858 0.4685039 1.4409449 0.4685039 0 P 0
L 1.4133858 0.6889764 1.6220473 0.6889764 0 P 0
L 1.4251968 0.1850394 1.6102362 0.1850394 0 P 0
L 1.4251969 0.6417323 1.4409449 0.6259843 0 P 0
L 1.4251969 0.9566929 1.4409449 0.9409449 0 P 0
L 1.4251969 1.0826772 1.6574804 1.0826772 0 P 0
L 1.4409449 0.3582678 1.4409449 0.4370079 0 P 0
L 1.4409449 0.4370079 1.4566929 0.4527559 0 P 0
L 1.4409449 0.4685039 1.4409449 0.468504 0 P 0
L 1.4409449 0.468504 1.4566929 0.484252 0 P 0
L 1.4409449 0.6259843 1.5944881 0.6259843 0 P 0
L 1.4409449 0.7244094 1.4409449 0.7519685 0 P 0
L 1.4409449 0.7244094 1.4448819 0.7204724 0 P 0
L 1.4409449 0.7519685 1.4566929 0.7677165 0 P 0
L 1.4409449 0.9409449 1.9212599 0.9409449 0 P 0
L 1.4409449 1.0669291 2.492126 1.0669291 0 P 0
L 1.4448819 0.7204724 1.6574803 0.7204724 0 P 0
L 1.4488189 0.2007874 1.5748031 0.2007874 0 P 0
L 1.4566929 0.7992126 1.4724409 0.7834646 0 P 0
L 1.4566929 0.8307086 1.4566929 0.8307087 0 P 0
L 1.4566929 0.8307086 1.4724409 0.8149606 0 P 0
L 1.4566929 1.019685 1.4724409 1.035433 0 P 0
L 1.4685039 0.5 1.4724409 0.496063 0 P 0
L 1.4724409 0.2637796 1.4724409 0.496063 0 P 0
L 1.4724409 0.2637796 1.519685 0.2165355 0 P 0
L 1.4724409 0.7559056 1.4724409 0.7834646 0 P 0
L 1.4724409 0.7559056 1.476378 0.7519685 0 P 0
L 1.4724409 0.8149606 1.6220473 0.8149606 0 P 0
L 1.4724409 1.035433 2.1181101 1.035433 0 P 0
L 1.476378 0.7519685 1.5984252 0.7519685 0 P 0
L 1.488189 0.6732283 1.503937 0.6574803 0 P 0
L 1.488189 0.7992126 1.503937 0.7834646 0 P 0
L 1.488189 0.8937008 1.503937 0.9094488 0 P 0
L 1.5 0.5314961 1.503937 0.5275591 0 P 0
L 1.503937 0.2716536 1.503937 0.5275591 0 P 0
L 1.503937 0.2716536 1.5393701 0.2362205 0 P 0
L 1.503937 0.6574803 1.6023622 0.6574803 0 P 0
L 1.503937 0.7834646 1.5984252 0.7834646 0 P 0
L 1.503937 0.9094488 1.6023622 0.9094488 0 P 0
L 1.519685 0.2165354 1.519685 0.2165355 0 P 0
L 1.519685 0.5787402 1.5354331 0.5629921 0 P 0
L 1.519685 0.6102362 1.535433 0.5944882 0 P 0
L 1.519685 0.8307087 1.535433 0.8464567 0 P 0
L 1.519685 0.9566929 1.535433 0.9724409 0 P 0
L 1.519685 0.988189 1.5196851 0.988189 0 P 0
L 1.5196851 0.988189 1.5354331 1.003937 0 P 0
L 1.535433 0.5944882 1.5629921 0.5944882 0 P 0
L 1.535433 0.8464567 1.6299212 0.8464567 0 P 0
L 1.535433 0.9724409 2.3582678 0.9724409 0 P 0
L 1.5354331 0.2834645 1.5354331 0.5629921 0 P 0
L 1.5354331 0.2834645 1.5629921 0.2559055 0 P 0
L 1.5354331 1.003937 1.6417323 1.003937 0 P 0
L 1.5511811 0.8937008 1.5669291 0.8779528 0 P 0
L 1.5629921 0.2559055 1.6456693 0.2559055 0 P 0
L 1.5629921 0.5944882 1.5669291 0.5905512 0 P 0
L 1.5669291 0.2834646 1.5669291 0.5905512 0 P 0
L 1.5669291 0.2834646 1.5787402 0.2716535 0 P 0
L 1.5669291 0.8779528 1.7086614 0.8779528 0 P 0
L 1.5787402 0.2716535 1.6614174 0.2716535 0 P 0
L 1.5826772 0.8307087 1.6259842 0.8307087 0 P 0
L 1.5826772 0.8937008 1.6141732 0.8937008 0 P 0
L 1.5944881 0.6259843 1.5984252 0.6220472 0 P 0
L 1.5984252 0.3897637 1.5984252 0.6220472 0 P 0
L 1.5984252 0.3897637 1.7559055 0.2322834 0 P 0
L 1.5984252 0.7519685 1.6141732 0.7362205 0 P 0
L 1.5984252 0.7834646 1.6299213 0.7519685 0 P 0
L 1.6023622 0.6574803 1.6377953 0.6220472 0 P 0
L 1.6023622 0.9094488 1.6062992 0.9133858 0 P 0
L 1.6062992 0.9133858 2.0590551 0.9133858 0 P 0
L 1.6102362 0.1850394 1.6122047 0.1870079 0 P 0
L -1.6104625 0.3999935 -1.6104625 0.4199871 5 P 0 ;2,3=0,4=0.000000
L -1.6104625 0.4199871 -1.630456 0.4399806 5 P 0 ;2,3=0,4=0.000000
L 1.6122047 0.1870079 1.6141732 0.1889764 0 P 0
L 1.6141732 0.1850394 1.6141732 0.1889764 0 P 0
L 1.6141732 0.7362205 1.6614173 0.7362205 0 P 0
L 1.6141732 0.8937008 1.6181102 0.8976378 0 P 0
L 1.6181102 0.8976378 2.0708662 0.8976378 0 P 0
L 1.6220473 0.6889764 1.6535433 0.6574804 0 P 0
L 1.6220473 0.8149606 1.7165354 0.7204725 0 P 0
L 1.6259842 0.8307087 1.7322835 0.7244094 0 P 0
L 1.6299212 0.8464567 1.7480315 0.7283464 0 P 0
L 1.6299213 0.7519685 1.6653544 0.7519685 0 P 0
L -1.630456 0.38 -1.6104625 0.3999935 5 P 0 ;2,3=0,4=0.000000
L 1.6377953 0.3858268 1.6377953 0.6220472 0 P 0
L 1.6377953 0.3858268 1.7755906 0.2480315 0 P 0
L 1.6417323 1.003937 1.6535433 0.992126 0 P 0
L 1.6456693 0.2559055 1.6574803 0.2440945 0 P 0
L 1.6456693 0.8622047 1.7007875 0.8622047 0 P 0
L 1.6535433 0.3976378 1.6535433 0.6574804 0 P 0
L 1.6535433 0.3976378 1.7874016 0.2637795 0 P 0
L 1.6535433 0.992126 2.4527559 0.992126 0 P 0
L 1.6574803 0.2283465 1.6574803 0.2440945 0 P 0
L 1.6574803 0.7204724 1.6692913 0.7086614 0 P 0
L 1.6574803 1.1102362 1.6968504 1.1496063 0 P 0
L 1.6574804 1.0826772 1.6811024 1.1062992 0 P 0
L 1.6614173 0.7362205 1.6850394 0.7125984 0 P 0
L 1.6614174 0.2716535 1.6811024 0.2519685 0 P 0
L 1.6653544 0.7519685 1.7007874 0.7165355 0 P 0
L 1.6692913 0.4055118 1.6692913 0.7086614 0 P 0
L 1.6692913 0.4055118 1.7952755 0.2795276 0 P 0
L 1.6692913 0.8307087 1.7086613 0.8307087 0 P 0
L -1.6704431 0.4199871 -1.6604463 0.4199871 5 P 0 ;2,3=0,4=0.000000
L -1.6804398 0.4099903 -1.6704431 0.4199871 5 P 0 ;2,3=0,4=0.000000
L 1.6811024 0.2007874 1.6811024 0.2519685 0 P 0
L 1.6811024 1.1062992 2.2834646 1.1062992 0 P 0
L 1.6850394 0.4133858 1.6850394 0.7125984 0 P 0
L 1.6850394 0.4133858 1.8031496 0.2952756 0 P 0
L -1.6904366 0.38 -1.6904366 0.3999935 5 P 0 ;2,3=0,4=0.000000
L -1.6904366 0.3999935 -1.6804398 0.4099903 5 P 0 ;2,3=0,4=0.000000
L -1.6904366 0.4199871 -1.6904366 0.38 5 P 0 ;2,3=0,4=0.000000
L 1.6968504 1.1496063 2.3661418 1.1496063 0 P 0
L 1.7007874 0.4212599 1.7007874 0.7165355 0 P 0
L 1.7007874 0.4212599 1.8110237 0.3110236 0 P 0
L 1.7007875 0.8622047 1.9291339 0.6338583 0 P 0
L 1.7086613 0.8307087 1.9094488 0.6299212 0 P 0
L 1.7086614 0.8779528 1.9488189 0.6377953 0 P 0
L -1.7104301 0.3999935 -1.7504172 0.3999935 5 P 0 ;2,3=0,4=0.000000
L -1.7104301 0.4099903 -1.7104301 0.3999935 5 P 0 ;2,3=0,4=0.000000
L 1.7165354 0.4251969 1.7165354 0.7204725 0 P 0
L 1.7165354 0.4251969 1.7913386 0.3503937 0 P 0
L -1.7204269 0.38 -1.7404204 0.38 5 P 0 ;2,3=0,4=0.000000
L -1.7204269 0.4199871 -1.7104301 0.4099903 5 P 0 ;2,3=0,4=0.000000
L 1.7322835 0.527559 1.7322835 0.7244094 0 P 0
L 1.7322835 0.527559 1.8937008 0.3661417 0 P 0
L -1.7404204 0.38 -1.7504172 0.3899968 5 P 0 ;2,3=0,4=0.000000
L -1.7404204 0.4199871 -1.7204269 0.4199871 5 P 0 ;2,3=0,4=0.000000
L 1.7480315 0.6614173 1.7480315 0.7283464 0 P 0
L 1.7480315 0.6614173 1.8858268 0.523622 0 P 0
L -1.7504172 0.3899968 -1.7504172 0.4099903 5 P 0 ;2,3=0,4=0.000000
L -1.7504172 0.4099903 -1.7404204 0.4199871 5 P 0 ;2,3=0,4=0.000000
L 1.7559055 0.2204724 1.7559055 0.2322834 0 P 0
L 1.7559055 0.2204724 1.7677165 0.2086614 0 P 0
L 1.7677165 0.2086614 1.8228346 0.2086614 0 P 0
L -1.7704107 0.3899968 -1.7804075 0.38 5 P 0 ;2,3=0,4=0.000000
L -1.7704107 0.4099903 -1.7704107 0.3899968 5 P 0 ;2,3=0,4=0.000000
L 1.7755906 0.2480315 1.996063 0.2480315 0 P 0
L -1.7804075 0.38 -1.8103978 0.38 5 P 0 ;2,3=0,4=0.000000
L -1.7804075 0.4199871 -1.7704107 0.4099903 5 P 0 ;2,3=0,4=0.000000
L 1.7874016 0.2637795 2.1771654 0.2637795 0 P 0
L 1.7913386 0.3503937 2.480315 0.3503937 0 P 0
L 1.7952755 0.2795276 2.2007874 0.2795276 0 P 0
L 1.8031496 0.2952756 2.3661417 0.2952756 0 P 0
L -1.8103978 0.3600065 -1.8103978 0.4199871 5 P 0 ;2,3=0,4=0.000000
L -1.8103978 0.4199871 -1.7804075 0.4199871 5 P 0 ;2,3=0,4=0.000000
L 1.8110237 0.3110236 2.4488188 0.3110236 0 P 0
L 1.8228346 0.2086614 1.8425197 0.2283465 0 P 0
L -1.8303913 0.3899968 -1.8403881 0.38 5 P 0 ;2,3=0,4=0.000000
L -1.8303913 0.4099903 -1.8303913 0.3899968 5 P 0 ;2,3=0,4=0.000000
L -1.8403881 0.38 -1.8703784 0.38 5 P 0 ;2,3=0,4=0.000000
L -1.8403881 0.4199871 -1.8303913 0.4099903 5 P 0 ;2,3=0,4=0.000000
L -1.8703784 0.3600065 -1.8703784 0.4199871 5 P 0 ;2,3=0,4=0.000000
L -1.8703784 0.4199871 -1.8403881 0.4199871 5 P 0 ;2,3=0,4=0.000000
L 1.8858268 0.4212598 1.8858268 0.523622 0 P 0
L 1.8858268 0.4212598 1.9251968 0.3818898 0 P 0
L -1.8903719 0.3899968 -1.8903719 0.4099903 5 P 0 ;2,3=0,4=0.000000
L -1.8903719 0.4099903 -1.9003687 0.4199871 5 P 0 ;2,3=0,4=0.000000
L 1.8937008 0.3661417 2.4881891 0.3661417 0 P 0
L -1.9003687 0.38 -1.8903719 0.3899968 5 P 0 ;2,3=0,4=0.000000
L -1.9003687 0.4199871 -1.9203622 0.4199871 5 P 0 ;2,3=0,4=0.000000
L 1.9094488 0.4212598 1.9094488 0.6299212 0 P 0
L 1.9094488 0.4212598 1.9330708 0.3976378 0 P 0
L -1.9203622 0.38 -1.9003687 0.38 5 P 0 ;2,3=0,4=0.000000
L -1.9203622 0.4199871 -1.930359 0.4099903 5 P 0 ;2,3=0,4=0.000000
L 1.9212599 0.9409449 1.9291339 0.9330709 0 P 0
L 1.9251968 0.3818898 2.496063 0.3818898 0 P 0
L 1.9291339 0.4291338 1.9291339 0.6338583 0 P 0
L 1.9291339 0.4291338 1.9448819 0.4133858 0 P 0
L 1.9291339 0.9330709 2.0551181 0.9330709 0 P 0
L -1.930359 0.3899968 -1.9203622 0.38 5 P 0 ;2,3=0,4=0.000000
L -1.930359 0.4099903 -1.930359 0.3899968 5 P 0 ;2,3=0,4=0.000000
L 1.9330708 0.3976378 2.503937 0.3976378 0 P 0
L 1.9448819 0.4133858 2.5905512 0.4133858 0 P 0
L 1.9488189 0.5118111 1.9488189 0.6377953 0 P 0
L 1.9488189 0.5118111 2.0314961 0.4291339 0 P 0
L -1.9503525 0.4299838 -1.9603493 0.4399806 5 P 0 ;2,3=0,4=0.000000
L -1.9603493 0.38 -1.9503525 0.3899968 5 P 0 ;2,3=0,4=0.000000
L -1.9603493 0.4399806 -1.9803428 0.4399806 5 P 0 ;2,3=0,4=0.000000
L -1.9803428 0.38 -1.9603493 0.38 5 P 0 ;2,3=0,4=0.000000
L -1.9803428 0.4399806 -1.9903396 0.4299838 5 P 0 ;2,3=0,4=0.000000
L -1.9903396 0.3899968 -1.9803428 0.38 5 P 0 ;2,3=0,4=0.000000
L -1.9903396 0.4299838 -1.9903396 0.3899968 5 P 0 ;2,3=0,4=0.000000
L 1.996063 0.2480315 2.0275591 0.2165354 0 P 0
L 2.015748 0.1732283 2.0275591 0.1850394 0 P 0
L -2.0203299 0.38 -2.0403234 0.3999935 5 P 0 ;2,3=0,4=0.000000
L 2.0275591 0.1850394 2.0275591 0.2165354 0 P 0
L 2.0314961 0.4291339 2.488189 0.4291339 0 P 0
L -2.0403234 0.3999935 -2.0403234 0.4199871 5 P 0 ;2,3=0,4=0.000000
L -2.0403234 0.4199871 -2.0203299 0.4399806 5 P 0 ;2,3=0,4=0.000000
L 2.0551181 0.9330709 2.0748031 0.9527559 0 P 0
L 2.0590551 0.9133858 2.0984252 0.9527559 0 P 0
L 2.0708662 0.8976378 2.0984253 0.8700787 0 P 0
L 2.0984253 0.8700787 2.4015748 0.8700787 0 P 0
L 2.1181101 1.035433 2.1220472 1.0393701 0 P 0
L 2.1220472 1.0393701 2.468504 1.0393701 0 P 0
L -2.1302943 0.38 -2.140291 0.38 5 P 0 ;2,3=0,4=0.000000
L -2.140291 0.38 -2.140291 0.4399806 5 P 0 ;2,3=0,4=0.000000
L -2.140291 0.4399806 -2.1502878 0.4399806 5 P 0 ;2,3=0,4=0.000000
L -2.1502878 0.38 -2.1302943 0.38 5 P 0 ;2,3=0,4=0.000000
L -2.1702813 0.38 -2.2002716 0.38 5 P 0 ;2,3=0,4=0.000000
L -2.1702813 0.4099903 -2.1702813 0.38 5 P 0 ;2,3=0,4=0.000000
L 2.1771654 0.2637795 2.2362205 0.2047244 0 P 0
L -2.1802781 0.4199871 -2.1702813 0.4099903 5 P 0 ;2,3=0,4=0.000000
L -2.2002716 0.38 -2.2102684 0.3899968 5 P 0 ;2,3=0,4=0.000000
L -2.2002716 0.3999935 -2.1702813 0.3999935 5 P 0 ;2,3=0,4=0.000000
L -2.2002716 0.4199871 -2.1802781 0.4199871 5 P 0 ;2,3=0,4=0.000000
L 2.2007874 0.2795276 2.2755906 0.2047244 0 P 0
L -2.2102684 0.3899968 -2.2002716 0.3999935 5 P 0 ;2,3=0,4=0.000000
L -2.2302619 0.4099903 -2.2302619 0.38 5 P 0 ;2,3=0,4=0.000000
L -2.2402587 0.4199871 -2.2302619 0.4099903 5 P 0 ;2,3=0,4=0.000000
L -2.270249 0.38 -2.270249 0.4199871 5 P 0 ;2,3=0,4=0.000000
L -2.270249 0.4199871 -2.2402587 0.4199871 5 P 0 ;2,3=0,4=0.000000
L 2.2834646 1.1062992 2.3070866 1.0826772 0 P 0
L -2.2902425 0.3700032 -2.2902425 0.4199871 5 P 0 ;2,3=0,4=0.000000
L -2.2902425 0.4199871 -2.3202328 0.4199871 5 P 0 ;2,3=0,4=0.000000
L -2.3002393 0.3600065 -2.2902425 0.3700032 5 P 0 ;2,3=0,4=0.000000
L 2.3070866 1.0826772 2.511811 1.0826772 0 P 0
L -2.3102361 0.3600065 -2.3002393 0.3600065 5 P 0 ;2,3=0,4=0.000000
L -2.3202328 0.38 -2.2902425 0.38 5 P 0 ;2,3=0,4=0.000000
L -2.3202328 0.4199871 -2.3302296 0.4099903 5 P 0 ;2,3=0,4=0.000000
L -2.3302296 0.3899968 -2.3202328 0.38 5 P 0 ;2,3=0,4=0.000000
L -2.3302296 0.4099903 -2.3302296 0.3899968 5 P 0 ;2,3=0,4=0.000000
L 2.3582678 0.9724409 2.3897638 0.9409449 0 P 0
L -2.3602199 0.38 -2.3702166 0.38 5 P 0 ;2,3=0,4=0.000000
L 2.3661417 0.2952756 2.4566929 0.2047244 0 P 0
L 2.3661418 1.1496063 2.3818898 1.1338583 0 P 0
L -2.3702166 0.38 -2.3702166 0.4199871 5 P 0 ;2,3=0,4=0.000000
L -2.3702166 0.4199871 -2.3802134 0.4199871 5 P 0 ;2,3=0,4=0.000000
L -2.3802134 0.38 -2.3602199 0.38 5 P 0 ;2,3=0,4=0.000000
L 2.3897638 0.9409449 2.4724409 0.9409449 0 P 0
L -2.4002069 0.3899968 -2.4102037 0.38 5 P 0 ;2,3=0,4=0.000000
L -2.4002069 0.3999935 -2.4002069 0.3899968 5 P 0 ;2,3=0,4=0.000000
L -2.4002069 0.4299838 -2.4102037 0.4399806 5 P 0 ;2,3=0,4=0.000000
L 2.4015748 0.8700787 2.4291339 0.8976378 0 P 0
L -2.4102037 0.38 -2.4301972 0.38 5 P 0 ;2,3=0,4=0.000000
L -2.4102037 0.4099903 -2.4002069 0.3999935 5 P 0 ;2,3=0,4=0.000000
L -2.4102037 0.4399806 -2.4301972 0.4399806 5 P 0 ;2,3=0,4=0.000000
L 2.4291339 0.8976378 2.4842519 0.8976378 0 P 0
L -2.4301972 0.38 -2.440194 0.3899968 5 P 0 ;2,3=0,4=0.000000
L -2.4301972 0.4099903 -2.4102037 0.4099903 5 P 0 ;2,3=0,4=0.000000
L -2.4301972 0.4399806 -2.440194 0.4299838 5 P 0 ;2,3=0,4=0.000000
L -2.440194 0.4199871 -2.4301972 0.4099903 5 P 0 ;2,3=0,4=0.000000
L -2.440194 0.4299838 -2.440194 0.4199871 5 P 0 ;2,3=0,4=0.000000
L 2.4488188 0.3110236 2.4685039 0.3307087 0 P 0
L 2.4527559 0.992126 2.5314961 0.9133858 0 P 0
L 2.468504 1.0393701 2.4960631 1.011811 0 P 0
L 2.4724409 0.9409449 2.523622 0.8897638 0 P 0
L 2.480315 0.3503937 2.515748 0.3149607 0 P 0
L 2.4842519 0.8976378 2.511811 0.8700787 0 P 0
L 2.488189 0.4291339 2.511811 0.4527559 0 P 0
L 2.4881891 0.3661417 2.5590551 0.2952757 0 P 0
L 2.492126 1.0669291 2.523622 1.0354331 0 P 0
L 2.496063 0.3818898 2.5905512 0.2874016 0 P 0
L 2.4960631 1.011811 2.7992126 1.011811 0 P 0
L 2.503937 0.3976378 2.6259843 0.2755905 0 P 0
L 2.511811 0.4527559 2.6496063 0.4527559 0 P 0
L 2.511811 0.8700787 2.6259843 0.8700787 0 P 0
L 2.511811 1.0826772 2.5393701 1.0551181 0 P 0
L 2.515748 0.2047244 2.515748 0.3149607 0 P 0
L 2.523622 0.8897638 2.6692913 0.8897638 0 P 0
L 2.523622 1.0354331 2.8110236 1.0354331 0 P 0
L 2.5314961 0.9133858 2.7401575 0.9133858 0 P 0
L 2.5393701 1.0551181 2.7913385 1.0551181 0 P 0
L 2.5590551 0.2047244 2.5590551 0.2952757 0 P 0
L -2.5601552 0.4099903 -2.5201681 0.4099903 5 P 0 ;2,3=0,4=0.000000
L 2.5905512 0.2047244 2.5905512 0.2874016 0 P 0
L 2.5905512 0.4133858 2.6456693 0.3582677 0 P 0
L 2.6062992 0.1102362 2.6062992 0.1574803 5 P 0
L 2.6062992 0.1102362 2.6456693 0.0708661 5 P 0
L 2.6062992 1.1417323 2.6417323 1.1062992 5 P 0
L 2.6259843 0.1496063 2.6259843 0.2755905 0 P 0
L 2.6259843 0.8700787 2.6889764 0.8070866 0 P 0
L -2.6401293 0.4299838 -2.6801164 0.3899968 5 P 0 ;2,3=0,4=0.000000
L -2.6401293 0.4399806 -2.6401293 0.4299838 5 P 0 ;2,3=0,4=0.000000
L 2.6417323 1.1062992 3.0551181 1.1062992 5 P 0
L 2.6456693 0.0708661 3.03937 0.0708661 5 P 0
L 2.6456693 0.1338583 2.6456693 0.3582677 0 P 0
L 2.6496063 0.4527559 2.6732283 0.4291339 0 P 0
L 2.6692913 0.8897638 2.7874016 0.7716535 0 P 0
L 2.6732283 0.1535433 2.6732283 0.4291339 0 P 0
L -2.6801164 0.3899968 -2.6801164 0.38 5 P 0 ;2,3=0,4=0.000000
L -2.6801164 0.4399806 -2.6401293 0.4399806 5 P 0 ;2,3=0,4=0.000000
L 2.6889764 0.2086614 2.6889764 0.3779528 0 P 0
L 2.6889764 0.2086614 2.6968504 0.2007874 0 P 0
L 2.6889764 0.3779528 2.7440945 0.4330709 0 P 0
L 2.6889764 0.6653543 2.6889764 0.8070866 0 P 0
L 2.6889764 0.6653543 2.7440945 0.6102362 0 P 0
L 2.6968504 0.1299213 2.6968504 0.2007874 0 P 0
L 2.7401575 0.9133858 2.8188976 0.8346457 0 P 0
L 2.7440945 0.4330709 2.7440945 0.6102362 0 P 0
L -2.7800841 0.4199871 -2.7700873 0.4199871 5 P 0 ;2,3=0,4=0.000000
L 2.7874016 0.519685 2.7874016 0.7716535 0 P 0
L 2.7874016 0.519685 2.8622047 0.4448819 0 P 0
L -2.7900808 0.4099903 -2.7800841 0.4199871 5 P 0 ;2,3=0,4=0.000000
L 2.7913385 1.0551181 2.8188976 1.0826772 0 P 0
L 2.7992126 1.011811 2.9173228 0.8937008 0 P 0
L -2.8000776 0.38 -2.8000776 0.3999935 5 P 0 ;2,3=0,4=0.000000
L -2.8000776 0.3999935 -2.7900808 0.4099903 5 P 0 ;2,3=0,4=0.000000
L -2.8000776 0.4199871 -2.8000776 0.38 5 P 0 ;2,3=0,4=0.000000
L 2.8110236 1.0354331 2.8307087 1.015748 0 P 0
L 2.8188976 0.6259843 2.8188976 0.8346457 0 P 0
L 2.8188976 0.6259843 2.8818898 0.5629921 0 P 0
L 2.8188976 1.0826772 2.9448818 1.0826772 0 P 0
L -2.8200711 0.3999935 -2.8600582 0.3999935 5 P 0 ;2,3=0,4=0.000000
L -2.8200711 0.4099903 -2.8200711 0.3999935 5 P 0 ;2,3=0,4=0.000000
L -2.8300679 0.38 -2.8500614 0.38 5 P 0 ;2,3=0,4=0.000000
L -2.8300679 0.4199871 -2.8200711 0.4099903 5 P 0 ;2,3=0,4=0.000000
L 2.8307087 1.015748 2.9251969 1.015748 0 P 0
L -2.8500614 0.38 -2.8600582 0.3899968 5 P 0 ;2,3=0,4=0.000000
L -2.8500614 0.4199871 -2.8300679 0.4199871 5 P 0 ;2,3=0,4=0.000000
L -2.8600582 0.3899968 -2.8600582 0.4099903 5 P 0 ;2,3=0,4=0.000000
L -2.8600582 0.4099903 -2.8500614 0.4199871 5 P 0 ;2,3=0,4=0.000000
L 2.8622047 0.3818898 2.8622047 0.4448819 0 P 0
L 2.8622047 0.3818898 2.8858268 0.3582677 0 P 0
L -2.8800517 0.3700032 -2.8900485 0.3600065 5 P 0 ;2,3=0,4=0.000000
L -2.8800517 0.38 -2.8800517 0.3700032 5 P 0 ;2,3=0,4=0.000000
L -2.8800517 0.38 -2.8800517 0.4199871 5 P 0 ;2,3=0,4=0.000000
L 2.8818898 0.4251968 2.8818898 0.5629921 0 P 0
L 2.8818898 0.4251968 2.9212598 0.3858268 0 P 0
L 2.8858268 0.3582677 2.9015748 0.3582677 0 P 0
L -2.8900485 0.3600065 -2.9000453 0.3600065 5 P 0 ;2,3=0,4=0.000000
L -2.910042 0.38 -2.8800517 0.38 5 P 0 ;2,3=0,4=0.000000
L 2.9173228 0.4212599 2.9173228 0.8937008 0 P 0
L 2.9173228 0.4212599 2.9488189 0.3897638 0 P 0
L -2.9200388 0.3899968 -2.910042 0.38 5 P 0 ;2,3=0,4=0.000000
L -2.9200388 0.4199871 -2.9200388 0.3899968 5 P 0 ;2,3=0,4=0.000000
L 2.9212598 0.1299213 2.9370079 0.1456694 0 P 0
L 2.9212598 0.2874016 2.9212598 0.3858268 0 P 0
L 2.9212598 0.2874016 2.9370079 0.2716535 0 P 0
L 2.9251969 1.015748 2.984252 0.9566929 0 P 0
L 2.9370079 0.1456694 2.9370079 0.2716535 0 P 0
L -2.9400323 0.38 -2.9700226 0.38 5 P 0 ;2,3=0,4=0.000000
L -2.9400323 0.4099903 -2.9400323 0.38 5 P 0 ;2,3=0,4=0.000000
L 2.9448818 1.0826772 3.015748 1.011811 0 P 0
L 2.9448819 0.1299213 2.9645669 0.1496063 0 P 0
L 2.9488189 0.3031496 2.9488189 0.3897638 0 P 0
L -2.9500291 0.4199871 -2.9400323 0.4099903 5 P 0 ;2,3=0,4=0.000000
L 2.9645669 0.1496063 2.9645669 0.3543307 0 P 0
L 2.9645669 0.3543307 2.984252 0.3740158 0 P 0
L -2.9700226 0.38 -2.9800194 0.3899968 5 P 0 ;2,3=0,4=0.000000
L -2.9700226 0.3999935 -2.9400323 0.3999935 5 P 0 ;2,3=0,4=0.000000
L -2.9700226 0.4199871 -2.9500291 0.4199871 5 P 0 ;2,3=0,4=0.000000
L -2.9800194 0.3899968 -2.9700226 0.3999935 5 P 0 ;2,3=0,4=0.000000
L 2.984252 0.3740158 2.984252 0.9566929 0 P 0
L 3.007874 0.1535434 3.007874 0.2677165 0 P 0
L 3.007874 0.1535434 3.0314961 0.1299213 0 P 0
L 3.007874 0.2677165 3.0314961 0.2913386 0 P 0
L 3.015748 0.4173229 3.015748 1.011811 0 P 0
L 3.015748 0.4173229 3.0314961 0.4015748 0 P 0
L 3.0314961 0.2913386 3.0314961 0.4015748 0 P 0
L 3.03937 0.0708661 3.0610236 0.0925197 5 P 0
L -3.04 0.38 -3.0000129 0.38 5 P 0 ;2,3=0,4=0.000000
L -3.04 0.4399806 -3.04 0.38 5 P 0 ;2,3=0,4=0.000000
L 3.0551181 1.1062992 3.1023622 1.0590551 5 P 0
L 3.0610236 0.0925197 3.0610236 0.3405512 5 P 0
L 3.0610236 0.3405512 3.1023622 0.3818898 5 P 0
L 3.1023622 0.3818898 3.1023622 1.0590551 5 P 0
S P 0
OB 1.4462793 0.4770204 I
OS 1.4467464 0.4775348
OS 1.4471633 0.4780939
OS 1.4475301 0.4786976
OS 1.4478468 0.4793459
OS 1.4481133 0.4800387
OS 1.4483296 0.4807762
OS 1.4484957 0.4815583
OS 1.4486118 0.4823849
OS 1.4486776 0.4832562
OS 1.4486933 0.484172
OS 1.4566129 0.4762524
OS 1.4556971 0.4762367
OS 1.4548258 0.4761709
OS 1.4539992 0.4760548
OS 1.4532171 0.4758887
OS 1.4524796 0.4756724
OS 1.4517868 0.4754059
OS 1.4511385 0.4750892
OS 1.4505348 0.4747224
OS 1.4499757 0.4743055
OS 1.4494613 0.4738384
OS 1.4462793 0.4770204
OE
SE
S P 0
OB 0.9550059 0.2683826 I
OS 0.9550394 0.2676885
OS 0.9551399 0.2669983
OS 0.9553074 0.2663121
OS 0.9555419 0.2656298
OS 0.9558434 0.2649515
OS 0.9562119 0.264277
OS 0.9566474 0.2636065
OS 0.9571499 0.26294
OS 0.9577194 0.2622773
OS 0.9583559 0.2616186
OS 0.9471559 0.2616186
OS 0.9477924 0.2622773
OS 0.9483619 0.26294
OS 0.9488644 0.2636065
OS 0.9492999 0.264277
OS 0.9496684 0.2649515
OS 0.9499699 0.2656298
OS 0.9502044 0.2663121
OS 0.9503719 0.2669983
OS 0.9504724 0.2676885
OS 0.9505059 0.2683826
OS 0.9550059 0.2683826
OE
SE
S P 0
OB 1.4462793 0.4455243 I
OS 1.4467464 0.4460387
OS 1.4471633 0.4465978
OS 1.4475301 0.4472015
OS 1.4478468 0.4478498
OS 1.4481133 0.4485426
OS 1.4483296 0.4492801
OS 1.4484957 0.4500622
OS 1.4486118 0.4508888
OS 1.4486776 0.4517601
OS 1.4486933 0.4526759
OS 1.4566129 0.4447563
OS 1.4556971 0.4447406
OS 1.4548258 0.4446748
OS 1.4539992 0.4445587
OS 1.4532171 0.4443926
OS 1.4524796 0.4441763
OS 1.4517868 0.4439098
OS 1.4511385 0.4435931
OS 1.4505348 0.4432263
OS 1.4499757 0.4428094
OS 1.4494613 0.4423423
OS 1.4462793 0.4455243
OE
SE
S P 0
OB 1.0340356 0.3103812 I
OS 1.0335685 0.3098668
OS 1.0331516 0.3093077
OS 1.0327848 0.308704
OS 1.0324681 0.3080557
OS 1.0322016 0.3073629
OS 1.0319853 0.3066254
OS 1.0318192 0.3058433
OS 1.0317031 0.3050167
OS 1.0316373 0.3041454
OS 1.0316216 0.3032296
OS 1.023702 0.3111492
OS 1.0246178 0.3111649
OS 1.0254891 0.3112307
OS 1.0263157 0.3113468
OS 1.0270978 0.3115129
OS 1.0278353 0.3117292
OS 1.0285281 0.3119957
OS 1.0291764 0.3123124
OS 1.0297801 0.3126792
OS 1.0303392 0.3130961
OS 1.0308536 0.3135632
OS 1.0340356 0.3103812
OE
SE
S P 0
OB 0.9635154 0.9002176 I
OS 0.9629844 0.8996499
OS 0.9625102 0.8990654
OS 0.9620925 0.8984639
OS 0.9617316 0.8978455
OS 0.9614273 0.8972103
OS 0.9611796 0.8965582
OS 0.9609886 0.8958891
OS 0.9608542 0.8952033
OS 0.9607765 0.8945005
OS 0.9607555 0.8937808
OS 0.9528359 0.9017004
OS 0.9535556 0.9017214
OS 0.9542584 0.9017991
OS 0.9549442 0.9019335
OS 0.9556133 0.9021245
OS 0.9562654 0.9023722
OS 0.9569006 0.9026765
OS 0.957519 0.9030374
OS 0.9581205 0.9034551
OS 0.958705 0.9039293
OS 0.9592727 0.9044603
OS 0.9635154 0.9002176
OE
SE
S P 0
OB 0.7727051 0.5722234 I
OS 0.7732361 0.5727911
OS 0.7737103 0.5733756
OS 0.774128 0.5739771
OS 0.7744889 0.5745955
OS 0.7747932 0.5752307
OS 0.7750409 0.5758828
OS 0.7752319 0.5765519
OS 0.7753663 0.5772377
OS 0.775444 0.5779405
OS 0.775465 0.5786602
OS 0.7833846 0.5707406
OS 0.7826649 0.5707196
OS 0.7819621 0.5706419
OS 0.7812763 0.5705075
OS 0.7806072 0.5703165
OS 0.7799551 0.5700688
OS 0.7793199 0.5697645
OS 0.7787015 0.5694036
OS 0.7781 0.5689859
OS 0.7775155 0.5685117
OS 0.7769478 0.5679807
OS 0.7727051 0.5722234
OE
SE
S P 0
OB 1.0679807 0.9186801 I
OS 1.0685117 0.9192478
OS 1.0689859 0.9198323
OS 1.0694036 0.9204338
OS 1.0697645 0.9210522
OS 1.0700688 0.9216874
OS 1.0703165 0.9223395
OS 1.0705075 0.9230086
OS 1.0706419 0.9236944
OS 1.0707196 0.9243972
OS 1.0707406 0.9251169
OS 1.0786602 0.9171973
OS 1.0779405 0.9171763
OS 1.0772377 0.9170986
OS 1.0765519 0.9169642
OS 1.0758828 0.9167732
OS 1.0752307 0.9165255
OS 1.0745955 0.9162212
OS 1.0739771 0.9158603
OS 1.0733756 0.9154426
OS 1.0727911 0.9149684
OS 1.0722234 0.9144374
OS 1.0679807 0.9186801
OE
SE
S P 0
OB 0.5701006 0.567389 I
OS 0.5695097 0.5679383
OS 0.568894 0.5684288
OS 0.5682535 0.5688607
OS 0.5675883 0.5692339
OS 0.5668983 0.5695484
OS 0.5661836 0.5698042
OS 0.5654441 0.5700013
OS 0.5646798 0.5701398
OS 0.5638909 0.5702195
OS 0.5630771 0.5702406
OS 0.5714917 0.5786552
OS 0.5715128 0.5778414
OS 0.5715925 0.5770525
OS 0.571731 0.5762882
OS 0.5719281 0.5755487
OS 0.5721839 0.574834
OS 0.5724984 0.574144
OS 0.5728716 0.5734788
OS 0.5733035 0.5728383
OS 0.573794 0.5722226
OS 0.5743433 0.5716317
OS 0.5701006 0.567389
OE
SE
S P 0
OB 1.4462793 0.7604849 I
OS 1.4467464 0.7609993
OS 1.4471633 0.7615584
OS 1.4475301 0.7621621
OS 1.4478468 0.7628104
OS 1.4481133 0.7635032
OS 1.4483296 0.7642407
OS 1.4484957 0.7650228
OS 1.4486118 0.7658494
OS 1.4486776 0.7667207
OS 1.4486933 0.7676365
OS 1.4566129 0.7597169
OS 1.4556971 0.7597012
OS 1.4548258 0.7596354
OS 1.4539992 0.7595193
OS 1.4532171 0.7593532
OS 1.4524796 0.7591369
OS 1.4517868 0.7588704
OS 1.4511385 0.7585537
OS 1.4505348 0.7581869
OS 1.4499757 0.75777
OS 1.4494613 0.7573029
OS 1.4462793 0.7604849
OE
SE
S P 0
OB 2.268359 0.215138 I
OS 2.2688734 0.2146709
OS 2.2694325 0.214254
OS 2.2700362 0.2138872
OS 2.2706845 0.2135705
OS 2.2713773 0.213304
OS 2.2721148 0.2130877
OS 2.2728969 0.2129216
OS 2.2737235 0.2128055
OS 2.2745948 0.2127397
OS 2.2755106 0.212724
OS 2.267591 0.2048044
OS 2.2675753 0.2057202
OS 2.2675095 0.2065915
OS 2.2673934 0.2074181
OS 2.2672273 0.2082002
OS 2.267011 0.2089377
OS 2.2667445 0.2096305
OS 2.2664278 0.2102788
OS 2.266061 0.2108825
OS 2.2656441 0.2114416
OS 2.265177 0.211956
OS 2.268359 0.215138
OE
SE
S P 0
OB 1.4009324 0.788799 I
OS 1.400418 0.7892661
OS 1.3998589 0.789683
OS 1.3992552 0.7900498
OS 1.3986069 0.7903665
OS 1.3979141 0.790633
OS 1.3971766 0.7908493
OS 1.3963945 0.7910154
OS 1.3955679 0.7911315
OS 1.3946966 0.7911973
OS 1.3937808 0.791213
OS 1.4017004 0.7991326
OS 1.4017161 0.7982168
OS 1.4017819 0.7973455
OS 1.401898 0.7965189
OS 1.4020641 0.7957368
OS 1.4022804 0.7949993
OS 1.4025469 0.7943065
OS 1.4028636 0.7936582
OS 1.4032304 0.7930545
OS 1.4036473 0.7924954
OS 1.4041144 0.791981
OS 1.4009324 0.788799
OE
SE
S P 0
OB 2.2289889 0.215138 I
OS 2.2295033 0.2146709
OS 2.2300624 0.214254
OS 2.2306661 0.2138872
OS 2.2313144 0.2135705
OS 2.2320072 0.213304
OS 2.2327447 0.2130877
OS 2.2335268 0.2129216
OS 2.2343534 0.2128055
OS 2.2352247 0.2127397
OS 2.2361405 0.212724
OS 2.2282209 0.2048044
OS 2.2282052 0.2057202
OS 2.2281394 0.2065915
OS 2.2280233 0.2074181
OS 2.2278572 0.2082002
OS 2.2276409 0.2089377
OS 2.2273744 0.2096305
OS 2.2270577 0.2102788
OS 2.2266909 0.2108825
OS 2.226274 0.2114416
OS 2.2258069 0.211956
OS 2.2289889 0.215138
OE
SE
S P 0
OB 0.5701006 0.7563653 I
OS 0.5695097 0.7569146
OS 0.568894 0.7574051
OS 0.5682535 0.757837
OS 0.5675883 0.7582102
OS 0.5668983 0.7585247
OS 0.5661836 0.7587805
OS 0.5654441 0.7589776
OS 0.5646798 0.7591161
OS 0.5638909 0.7591958
OS 0.5630771 0.7592169
OS 0.5714917 0.7676315
OS 0.5715128 0.7668177
OS 0.5715925 0.7660288
OS 0.571731 0.7652645
OS 0.5719281 0.764525
OS 0.5721839 0.7638103
OS 0.5724984 0.7631203
OS 0.5728716 0.7624551
OS 0.5733035 0.7618146
OS 0.573794 0.7611989
OS 0.5743433 0.760608
OS 0.5701006 0.7563653
OE
SE
S P 0
OB 1.1309728 0.6352155 I
OS 1.1315038 0.6357832
OS 1.131978 0.6363677
OS 1.1323957 0.6369692
OS 1.1327566 0.6375876
OS 1.1330609 0.6382228
OS 1.1333086 0.6388749
OS 1.1334996 0.639544
OS 1.133634 0.6402298
OS 1.1337117 0.6409326
OS 1.1337327 0.6416523
OS 1.1416523 0.6337327
OS 1.1409326 0.6337117
OS 1.1402298 0.633634
OS 1.139544 0.6334996
OS 1.1388749 0.6333086
OS 1.1382228 0.6330609
OS 1.1375876 0.6327566
OS 1.1369692 0.6323957
OS 1.1363677 0.631978
OS 1.1357832 0.6315038
OS 1.1352155 0.6309728
OS 1.1309728 0.6352155
OE
SE
S P 0
OB 1.1037194 0.6524918 I
OS 1.1042871 0.6519608
OS 1.1048716 0.6514866
OS 1.1054731 0.6510689
OS 1.1060915 0.650708
OS 1.1067267 0.6504037
OS 1.1073788 0.650156
OS 1.1080479 0.649965
OS 1.1087337 0.6498306
OS 1.1094365 0.6497529
OS 1.1101562 0.6497319
OS 1.1022366 0.6418123
OS 1.1022156 0.642532
OS 1.1021379 0.6432348
OS 1.1020035 0.6439206
OS 1.1018125 0.6445897
OS 1.1015648 0.6452418
OS 1.1012605 0.645877
OS 1.1008996 0.6464954
OS 1.1004819 0.6470969
OS 1.1000077 0.6476814
OS 1.0994767 0.6482491
OS 1.1037194 0.6524918
OE
SE
S P 0
OB 0.5701007 0.7878615 I
OS 0.5695097 0.7884107
OS 0.568894 0.7889013
OS 0.5682536 0.7893331
OS 0.5675883 0.7897063
OS 0.5668984 0.7900208
OS 0.5661836 0.7902766
OS 0.5654442 0.7904737
OS 0.5646799 0.7906122
OS 0.5638909 0.790692
OS 0.5630772 0.790713
OS 0.5714917 0.7991277
OS 0.5715128 0.7983139
OS 0.5715925 0.7975249
OS 0.571731 0.7967607
OS 0.5719281 0.7960212
OS 0.5721839 0.7953065
OS 0.5724985 0.7946165
OS 0.5728716 0.7939513
OS 0.5733035 0.7933108
OS 0.5737941 0.7926951
OS 0.5743433 0.7921041
OS 0.5701007 0.7878615
OE
SE
S P 0
OB 1.0364846 0.6667115 I
OS 1.0370156 0.6672792
OS 1.0374898 0.6678637
OS 1.0379075 0.6684652
OS 1.0382684 0.6690836
OS 1.0385727 0.6697188
OS 1.0388204 0.6703709
OS 1.0390114 0.67104
OS 1.0391458 0.6717258
OS 1.0392235 0.6724286
OS 1.0392445 0.6731483
OS 1.0471641 0.6652287
OS 1.0464444 0.6652077
OS 1.0457416 0.66513
OS 1.0450558 0.6649956
OS 1.0443867 0.6648046
OS 1.0437346 0.6645569
OS 1.0430994 0.6642526
OS 1.042481 0.6638917
OS 1.0418795 0.663474
OS 1.041295 0.6629998
OS 1.0407273 0.6624688
OS 1.0364846 0.6667115
OE
SE
S P 0
OB 0.7275809 0.7563653 I
OS 0.72699 0.7569146
OS 0.7263743 0.7574051
OS 0.7257338 0.757837
OS 0.7250686 0.7582102
OS 0.7243786 0.7585247
OS 0.7236639 0.7587805
OS 0.7229244 0.7589776
OS 0.7221601 0.7591161
OS 0.7213712 0.7591958
OS 0.7205574 0.7592169
OS 0.728972 0.7676315
OS 0.7289931 0.7668177
OS 0.7290728 0.7660288
OS 0.7292113 0.7652645
OS 0.7294084 0.764525
OS 0.7296642 0.7638103
OS 0.7299787 0.7631203
OS 0.7303519 0.7624551
OS 0.7307838 0.7618146
OS 0.7312743 0.7611989
OS 0.7318236 0.760608
OS 0.7275809 0.7563653
OE
SE
S P 0
OB 1.2791537 0.8061243 I
OS 1.2785886 0.8055203
OS 1.2780838 0.8048989
OS 1.2776393 0.8042599
OS 1.2772551 0.8036035
OS 1.2769312 0.8029296
OS 1.2766676 0.8022382
OS 1.2764643 0.8015293
OS 1.2763213 0.8008029
OS 1.2762385 0.800059
OS 1.2762161 0.7992976
OS 1.2678015 0.8077122
OS 1.2685629 0.8077346
OS 1.2693068 0.8078174
OS 1.2700332 0.8079604
OS 1.2707421 0.8081637
OS 1.2714335 0.8084273
OS 1.2721074 0.8087512
OS 1.2727638 0.8091354
OS 1.2734028 0.8095799
OS 1.2740242 0.8100847
OS 1.2746282 0.8106498
OS 1.2791537 0.8061243
OE
SE
S P 0
OB 1.2802646 1.0728023 I
OS 1.2802336 1.0736584
OS 1.2801406 1.0744884
OS 1.2799856 1.0752922
OS 1.2797686 1.0760699
OS 1.2794896 1.0768215
OS 1.2791486 1.0775468
OS 1.2787456 1.0782461
OS 1.2782806 1.0789192
OS 1.2777536 1.0795661
OS 1.2771646 1.0801869
OS 1.2897646 1.0801869
OS 1.2891756 1.0795661
OS 1.2886486 1.0789192
OS 1.2881836 1.0782461
OS 1.2877806 1.0775468
OS 1.2874396 1.0768215
OS 1.2871606 1.0760699
OS 1.2869436 1.0752922
OS 1.2867886 1.0744884
OS 1.2866956 1.0736584
OS 1.2866646 1.0728023
OS 1.2802646 1.0728023
OE
SE
S P 0
OB 1.4954206 0.788799 I
OS 1.4949062 0.7892661
OS 1.4943471 0.789683
OS 1.4937434 0.7900498
OS 1.4930951 0.7903665
OS 1.4924023 0.790633
OS 1.4916648 0.7908493
OS 1.4908827 0.7910154
OS 1.4900561 0.7911315
OS 1.4891848 0.7911973
OS 1.488269 0.791213
OS 1.4961886 0.7991326
OS 1.4962043 0.7982168
OS 1.4962701 0.7973455
OS 1.4963862 0.7965189
OS 1.4965523 0.7957368
OS 1.4967686 0.7949993
OS 1.4970351 0.7943065
OS 1.4973518 0.7936582
OS 1.4977186 0.7930545
OS 1.4981355 0.7924954
OS 1.4986026 0.791981
OS 1.4954206 0.788799
OE
SE
S P 0
OB 2.4580903 0.3234771 I
OS 2.4585574 0.3239915
OS 2.4589743 0.3245506
OS 2.4593411 0.3251543
OS 2.4596578 0.3258026
OS 2.4599243 0.3264954
OS 2.4601406 0.3272329
OS 2.4603067 0.328015
OS 2.4604228 0.3288416
OS 2.4604886 0.3297129
OS 2.4605043 0.3306287
OS 2.4684239 0.3227091
OS 2.4675081 0.3226934
OS 2.4666368 0.3226276
OS 2.4658102 0.3225115
OS 2.4650281 0.3223454
OS 2.4642906 0.3221291
OS 2.4635978 0.3218626
OS 2.4629495 0.3215459
OS 2.4623458 0.3211791
OS 2.4617867 0.3207622
OS 2.4612723 0.3202951
OS 2.4580903 0.3234771
OE
SE
S P 0
OB 1.4639245 0.788799 I
OS 1.4634101 0.7892661
OS 1.462851 0.789683
OS 1.4622473 0.7900498
OS 1.461599 0.7903665
OS 1.4609062 0.790633
OS 1.4601687 0.7908493
OS 1.4593866 0.7910154
OS 1.45856 0.7911315
OS 1.4576887 0.7911973
OS 1.4567729 0.791213
OS 1.4646925 0.7991326
OS 1.4647082 0.7982168
OS 1.464774 0.7973455
OS 1.4648901 0.7965189
OS 1.4650562 0.7957368
OS 1.4652725 0.7949993
OS 1.465539 0.7943065
OS 1.4658557 0.7936582
OS 1.4662225 0.7930545
OS 1.4666394 0.7924954
OS 1.4671065 0.791981
OS 1.4639245 0.788799
OE
SE
S P 0
OB 2.4494613 0.215138 I
OS 2.4499757 0.2146709
OS 2.4505348 0.214254
OS 2.4511385 0.2138872
OS 2.4517868 0.2135705
OS 2.4524796 0.213304
OS 2.4532171 0.2130877
OS 2.4539992 0.2129216
OS 2.4548258 0.2128055
OS 2.4556971 0.2127397
OS 2.4566129 0.212724
OS 2.4486933 0.2048044
OS 2.4486776 0.2057202
OS 2.4486118 0.2065915
OS 2.4484957 0.2074181
OS 2.4483296 0.2082002
OS 2.4481133 0.2089377
OS 2.4478468 0.2096305
OS 2.4475301 0.2102788
OS 2.4471633 0.2108825
OS 2.4467464 0.2114416
OS 2.4462793 0.211956
OS 2.4494613 0.215138
OE
SE
S P 0
OB 1.4639245 0.820295 I
OS 1.46341 0.8207622
OS 1.4628509 0.8211791
OS 1.4622472 0.8215459
OS 1.461599 0.8218625
OS 1.4609061 0.822129
OS 1.4601686 0.8223453
OS 1.4593866 0.8225115
OS 1.4585599 0.8226275
OS 1.4576887 0.8226934
OS 1.4567728 0.8227091
OS 1.4646925 0.8306286
OS 1.4647082 0.8297128
OS 1.464774 0.8288415
OS 1.46489 0.8280149
OS 1.4650562 0.8272328
OS 1.4652725 0.8264954
OS 1.465539 0.8258025
OS 1.4658556 0.8251542
OS 1.4662224 0.8245506
OS 1.4666394 0.8239915
OS 1.4671065 0.823477
OS 1.4639245 0.820295
OE
SE
S P 0
OB 2.517998 0.2172015 I
OS 2.5180315 0.2165074
OS 2.518132 0.2158172
OS 2.5182995 0.215131
OS 2.518534 0.2144487
OS 2.5188355 0.2137704
OS 2.519204 0.2130959
OS 2.5196395 0.2124254
OS 2.520142 0.2117589
OS 2.5207115 0.2110962
OS 2.521348 0.2104375
OS 2.510148 0.2104375
OS 2.5107845 0.2110962
OS 2.511354 0.2117589
OS 2.5118565 0.2124254
OS 2.512292 0.2130959
OS 2.5126605 0.2137704
OS 2.512962 0.2144487
OS 2.5131965 0.215131
OS 2.513364 0.2158172
OS 2.5134645 0.2165074
OS 2.513498 0.2172015
OS 2.517998 0.2172015
OE
SE
S P 0
OB 1.5300986 0.8379403 I
OS 1.5296315 0.8374259
OS 1.5292146 0.8368668
OS 1.5288478 0.8362631
OS 1.5285311 0.8356148
OS 1.5282646 0.834922
OS 1.5280483 0.8341845
OS 1.5278822 0.8334024
OS 1.5277661 0.8325758
OS 1.5277003 0.8317045
OS 1.5276846 0.8307887
OS 1.519765 0.8387083
OS 1.5206808 0.838724
OS 1.5215521 0.8387898
OS 1.5223787 0.8389059
OS 1.5231608 0.839072
OS 1.5238983 0.8392883
OS 1.5245911 0.8395548
OS 1.5252394 0.8398715
OS 1.5258431 0.8402383
OS 1.5264022 0.8406552
OS 1.5269166 0.8411223
OS 1.5300986 0.8379403
OE
SE
S P 0
OB 2.5928012 0.2172015 I
OS 2.5928347 0.2165074
OS 2.5929352 0.2158172
OS 2.5931027 0.215131
OS 2.5933372 0.2144487
OS 2.5936387 0.2137704
OS 2.5940072 0.2130959
OS 2.5944427 0.2124254
OS 2.5949452 0.2117589
OS 2.5955147 0.2110962
OS 2.5961512 0.2104375
OS 2.5849512 0.2104375
OS 2.5855877 0.2110962
OS 2.5861572 0.2117589
OS 2.5866597 0.2124254
OS 2.5870952 0.2130959
OS 2.5874637 0.2137704
OS 2.5877652 0.2144487
OS 2.5879997 0.215131
OS 2.5881672 0.2158172
OS 2.5882677 0.2165074
OS 2.5883012 0.2172015
OS 2.5928012 0.2172015
OE
SE
S P 0
OB 1.5951543 0.8284587 I
OS 1.5944602 0.8284252
OS 1.59377 0.8283247
OS 1.5930838 0.8281572
OS 1.5924015 0.8279227
OS 1.5917232 0.8276212
OS 1.5910487 0.8272527
OS 1.5903782 0.8268172
OS 1.5897117 0.8263147
OS 1.589049 0.8257452
OS 1.5883903 0.8251087
OS 1.5883903 0.8363087
OS 1.589049 0.8356722
OS 1.5897117 0.8351027
OS 1.5903782 0.8346002
OS 1.5910487 0.8341647
OS 1.5917232 0.8337962
OS 1.5924015 0.8334947
OS 1.5930838 0.8332602
OS 1.59377 0.8330927
OS 1.5944602 0.8329922
OS 1.5951543 0.8329587
OS 1.5951543 0.8284587
OE
SE
S P 0
OB 2.5613051 0.2172015 I
OS 2.5613386 0.2165074
OS 2.5614391 0.2158172
OS 2.5616066 0.215131
OS 2.5618411 0.2144487
OS 2.5621426 0.2137704
OS 2.5625111 0.2130959
OS 2.5629466 0.2124254
OS 2.5634491 0.2117589
OS 2.5640186 0.2110962
OS 2.5646551 0.2104375
OS 2.5534551 0.2104375
OS 2.5540916 0.2110962
OS 2.5546611 0.2117589
OS 2.5551636 0.2124254
OS 2.5555991 0.2130959
OS 2.5559676 0.2137704
OS 2.5562691 0.2144487
OS 2.5565036 0.215131
OS 2.5566711 0.2158172
OS 2.5567716 0.2165074
OS 2.5568051 0.2172015
OS 2.5613051 0.2172015
OE
SE
S P 0
OB 2.9316734 0.1371529 I
OS 2.9312063 0.1366385
OS 2.9307894 0.1360794
OS 2.9304226 0.1354757
OS 2.9301059 0.1348274
OS 2.9298394 0.1341346
OS 2.9296231 0.1333971
OS 2.929457 0.132615
OS 2.9293409 0.1317884
OS 2.9292751 0.1309171
OS 2.9292594 0.1300013
OS 2.9213398 0.1379209
OS 2.9222556 0.1379366
OS 2.9231269 0.1380024
OS 2.9239535 0.1381185
OS 2.9247356 0.1382846
OS 2.9254731 0.1385009
OS 2.9261659 0.1387674
OS 2.9268142 0.1390841
OS 2.9274179 0.1394509
OS 2.927977 0.1398678
OS 2.9284914 0.1403349
OS 2.9316734 0.1371529
OE
SE
S P 0
OB 1.5300987 0.9954206 I
OS 1.5296315 0.9949061
OS 1.5292146 0.994347
OS 1.5288478 0.9937433
OS 1.5285312 0.9930951
OS 1.5282647 0.9924022
OS 1.5280484 0.9916647
OS 1.5278822 0.9908827
OS 1.5277662 0.990056
OS 1.5277003 0.9891848
OS 1.5276846 0.9882689
OS 1.5197651 0.9961886
OS 1.5206809 0.9962043
OS 1.5215522 0.9962701
OS 1.5223788 0.9963861
OS 1.5231609 0.9965523
OS 1.5238983 0.9967686
OS 1.5245912 0.9970351
OS 1.5252395 0.9973517
OS 1.5258431 0.9977185
OS 1.5264022 0.9981355
OS 1.5269167 0.9986026
OS 1.5300987 0.9954206
OE
SE
S P 0
OB 2.9552955 0.1371529 I
OS 2.9548284 0.1366385
OS 2.9544115 0.1360794
OS 2.9540447 0.1354757
OS 2.953728 0.1348274
OS 2.9534615 0.1341346
OS 2.9532452 0.1333971
OS 2.9530791 0.132615
OS 2.952963 0.1317884
OS 2.9528972 0.1309171
OS 2.9528815 0.1300013
OS 2.9449619 0.1379209
OS 2.9458777 0.1379366
OS 2.946749 0.1380024
OS 2.9475756 0.1381185
OS 2.9483577 0.1382846
OS 2.9490952 0.1385009
OS 2.949788 0.1387674
OS 2.9504363 0.1390841
OS 2.95104 0.1394509
OS 2.9515991 0.1398678
OS 2.9521135 0.1403349
OS 2.9552955 0.1371529
OE
SE
S P 0
OB 1.4041144 0.9639245 I
OS 1.4036473 0.9634101
OS 1.4032304 0.962851
OS 1.4028636 0.9622473
OS 1.4025469 0.961599
OS 1.4022804 0.9609062
OS 1.4020641 0.9601687
OS 1.401898 0.9593866
OS 1.4017819 0.95856
OS 1.4017161 0.9576887
OS 1.4017004 0.9567729
OS 1.3937808 0.9646925
OS 1.3946966 0.9647082
OS 1.3955679 0.964774
OS 1.3963945 0.9648901
OS 1.3971766 0.9650562
OS 1.3979141 0.9652725
OS 1.3986069 0.965539
OS 1.3992552 0.9658557
OS 1.3998589 0.9662225
OS 1.400418 0.9666394
OS 1.4009324 0.9671065
OS 1.4041144 0.9639245
OE
SE
S P 0
OB 1.5300986 0.9639245 I
OS 1.5296315 0.9634101
OS 1.5292146 0.962851
OS 1.5288478 0.9622473
OS 1.5285311 0.961599
OS 1.5282646 0.9609062
OS 1.5280483 0.9601687
OS 1.5278822 0.9593866
OS 1.5277661 0.95856
OS 1.5277003 0.9576887
OS 1.5276846 0.9567729
OS 1.519765 0.9646925
OS 1.5206808 0.9647082
OS 1.5215521 0.964774
OS 1.5223787 0.9648901
OS 1.5231608 0.9650562
OS 1.5238983 0.9652725
OS 1.5245911 0.965539
OS 1.5252394 0.9658557
OS 1.5258431 0.9662225
OS 1.5264022 0.9666394
OS 1.5269166 0.9671065
OS 1.5300986 0.9639245
OE
SE
S P 0
OB 2.8890977 0.3605177 I
OS 2.8897918 0.3605512
OS 2.890482 0.3606517
OS 2.8911682 0.3608192
OS 2.8918505 0.3610537
OS 2.8925288 0.3613552
OS 2.8932033 0.3617237
OS 2.8938738 0.3621592
OS 2.8945403 0.3626617
OS 2.895203 0.3632312
OS 2.8958617 0.3638677
OS 2.8958617 0.3526677
OS 2.895203 0.3533042
OS 2.8945403 0.3538737
OS 2.8938738 0.3543762
OS 2.8932033 0.3548117
OS 2.8925288 0.3551802
OS 2.8918505 0.3554817
OS 2.8911682 0.3557162
OS 2.890482 0.3558837
OS 2.8897918 0.3559842
OS 2.8890977 0.3560177
OS 2.8890977 0.3605177
OE
SE
S P 0
OB 1.4671065 1.0269166 I
OS 1.4666394 1.0264022
OS 1.4662225 1.0258431
OS 1.4658557 1.0252394
OS 1.465539 1.0245911
OS 1.4652725 1.0238983
OS 1.4650562 1.0231608
OS 1.4648901 1.0223787
OS 1.464774 1.0215521
OS 1.4647082 1.0206808
OS 1.4646925 1.019765
OS 1.4567729 1.0276846
OS 1.4576887 1.0277003
OS 1.45856 1.0277661
OS 1.4593866 1.0278822
OS 1.4601687 1.0280483
OS 1.4609062 1.0282646
OS 1.461599 1.0285311
OS 1.4622473 1.0288478
OS 1.462851 1.0292146
OS 1.4634101 1.0296315
OS 1.4639245 1.0300986
OS 1.4671065 1.0269166
OE
SE
S P 0
OB 2.9510689 0.3156267 I
OS 2.9511024 0.3149326
OS 2.9512029 0.3142424
OS 2.9513704 0.3135562
OS 2.9516049 0.3128739
OS 2.9519064 0.3121956
OS 2.9522749 0.3115211
OS 2.9527104 0.3108506
OS 2.9532129 0.3101841
OS 2.9537824 0.3095214
OS 2.9544189 0.3088627
OS 2.9432189 0.3088627
OS 2.9438554 0.3095214
OS 2.9444249 0.3101841
OS 2.9449274 0.3108506
OS 2.9453629 0.3115211
OS 2.9457314 0.3121956
OS 2.9460329 0.3128739
OS 2.9462674 0.3135562
OS 2.9464349 0.3142424
OS 2.9465354 0.3149326
OS 2.9465689 0.3156267
OS 2.9510689 0.3156267
OE
SE
S P 0
OB 3.0242645 0.1403349 I
OS 3.0247789 0.1398678
OS 3.025338 0.1394509
OS 3.0259417 0.1390841
OS 3.02659 0.1387674
OS 3.0272828 0.1385009
OS 3.0280203 0.1382846
OS 3.0288024 0.1381185
OS 3.029629 0.1380024
OS 3.0305003 0.1379366
OS 3.0314161 0.1379209
OS 3.0234965 0.1300013
OS 3.0234808 0.1309171
OS 3.023415 0.1317884
OS 3.0232989 0.132615
OS 3.0231328 0.1333971
OS 3.0229165 0.1341346
OS 3.02265 0.1348274
OS 3.0223333 0.1354757
OS 3.0219665 0.1360794
OS 3.0215496 0.1366385
OS 3.0210825 0.1371529
OS 3.0242645 0.1403349
OE
SE
S P 0
OB 1.3726183 0.9954206 I
OS 1.3721512 0.9949062
OS 1.3717343 0.9943471
OS 1.3713675 0.9937434
OS 1.3710508 0.9930951
OS 1.3707843 0.9924023
OS 1.370568 0.9916648
OS 1.3704019 0.9908827
OS 1.3702858 0.9900561
OS 1.37022 0.9891848
OS 1.3702043 0.988269
OS 1.3622847 0.9961886
OS 1.3632005 0.9962043
OS 1.3640718 0.9962701
OS 1.3648984 0.9963862
OS 1.3656805 0.9965523
OS 1.366418 0.9967686
OS 1.3671108 0.9970351
OS 1.3677591 0.9973518
OS 1.3683628 0.9977186
OS 1.3689219 0.9981355
OS 1.3694363 0.9986026
OS 1.3726183 0.9954206
OE
SE
S P 0
OB 1.3517911 0.4455243 I
OS 1.3522582 0.4460387
OS 1.3526751 0.4465978
OS 1.3530419 0.4472015
OS 1.3533586 0.4478498
OS 1.3536251 0.4485426
OS 1.3538414 0.4492801
OS 1.3540075 0.4500622
OS 1.3541236 0.4508888
OS 1.3541894 0.4517601
OS 1.3542051 0.4526759
OS 1.3621247 0.4447563
OS 1.3612089 0.4447406
OS 1.3603376 0.4446748
OS 1.359511 0.4445587
OS 1.3587289 0.4443926
OS 1.3579914 0.4441763
OS 1.3572986 0.4439098
OS 1.3566503 0.4435931
OS 1.3560466 0.4432263
OS 1.3554875 0.4428094
OS 1.3549731 0.4423423
OS 1.3517911 0.4455243
OE
SE
S P 0
OB 0.8723287 0.3156267 I
OS 0.8723622 0.3149326
OS 0.8724627 0.3142424
OS 0.8726302 0.3135562
OS 0.8728647 0.3128739
OS 0.8731662 0.3121956
OS 0.8735347 0.3115211
OS 0.8739702 0.3108506
OS 0.8744727 0.3101841
OS 0.8750422 0.3095214
OS 0.8756787 0.3088627
OS 0.8644787 0.3088627
OS 0.8651152 0.3095214
OS 0.8656847 0.3101841
OS 0.8661872 0.3108506
OS 0.8666227 0.3115211
OS 0.8669912 0.3121956
OS 0.8672927 0.3128739
OS 0.8675272 0.3135562
OS 0.8676947 0.3142424
OS 0.8677952 0.3149326
OS 0.8678287 0.3156267
OS 0.8723287 0.3156267
OE
SE
S P 0
OB 1.2258069 0.9809574 I
OS 1.226274 0.9814718
OS 1.2266909 0.9820309
OS 1.2270577 0.9826346
OS 1.2273744 0.9832829
OS 1.2276409 0.9839757
OS 1.2278572 0.9847132
OS 1.2280233 0.9854953
OS 1.2281394 0.9863219
OS 1.2282052 0.9871932
OS 1.2282209 0.988109
OS 1.2361405 0.9801894
OS 1.2352247 0.9801737
OS 1.2343534 0.9801079
OS 1.2335268 0.9799918
OS 1.2327447 0.9798257
OS 1.2320072 0.9796094
OS 1.2313144 0.9793429
OS 1.2306661 0.9790262
OS 1.2300624 0.9786594
OS 1.2295033 0.9782425
OS 1.2289889 0.9777754
OS 1.2258069 0.9809574
OE
SE
S P 0
OB 1.5124534 0.2269491 I
OS 1.5129679 0.2264819
OS 1.513527 0.226065
OS 1.5141307 0.2256982
OS 1.5147789 0.2253816
OS 1.5154718 0.2251151
OS 1.5162093 0.2248988
OS 1.5169913 0.2247326
OS 1.517818 0.2246166
OS 1.5186892 0.2245507
OS 1.5196051 0.224535
OS 1.5116854 0.2166155
OS 1.5116697 0.2175313
OS 1.5116039 0.2184026
OS 1.5114879 0.2192292
OS 1.5113217 0.2200113
OS 1.5111054 0.2207487
OS 1.5108389 0.2214416
OS 1.5105223 0.2220899
OS 1.5101555 0.2226935
OS 1.5097385 0.2232526
OS 1.5092714 0.2237671
OS 1.5124534 0.2269491
OE
SE
S P 0
OB 0.4928915 0.5900914 I
OS 0.4934824 0.5895421
OS 0.4940981 0.5890516
OS 0.4947386 0.5886197
OS 0.4954038 0.5882465
OS 0.4960938 0.587932
OS 0.4968085 0.5876762
OS 0.497548 0.5874791
OS 0.4983123 0.5873406
OS 0.4991012 0.5872609
OS 0.499915 0.5872398
OS 0.4915004 0.5788252
OS 0.4914793 0.579639
OS 0.4913996 0.5804279
OS 0.4912611 0.5811922
OS 0.491064 0.5819317
OS 0.4908082 0.5826464
OS 0.4904937 0.5833364
OS 0.4901205 0.5840016
OS 0.4896886 0.5846421
OS 0.4891981 0.5852578
OS 0.4886488 0.5858487
OS 0.4928915 0.5900914
OE
SE
S P 0
OB 1.1037194 1.0304445 I
OS 1.1042871 1.0299136
OS 1.1048717 1.0294393
OS 1.1054732 1.0290217
OS 1.1060915 1.0286607
OS 1.1067268 1.0283564
OS 1.1073789 1.0281087
OS 1.1080479 1.0279177
OS 1.1087338 1.0277834
OS 1.1094366 1.0277057
OS 1.1101563 1.0276846
OS 1.1022366 1.0197651
OS 1.1022156 1.0204847
OS 1.1021379 1.0211875
OS 1.1020035 1.0218734
OS 1.1018125 1.0225424
OS 1.1015649 1.0231946
OS 1.1012605 1.0238298
OS 1.1008996 1.0244482
OS 1.100482 1.0250496
OS 1.1000077 1.0256342
OS 1.0994768 1.0262019
OS 1.1037194 1.0304445
OE
SE
S P 0
OB 0.6013926 0.4748199 I
OS 0.6008466 0.4742399
OS 0.6003588 0.4736503
OS 0.5999292 0.4730509
OS 0.5995577 0.4724419
OS 0.5992445 0.4718231
OS 0.5989894 0.4711947
OS 0.5987925 0.4705566
OS 0.5986537 0.4699087
OS 0.5985732 0.4692512
OS 0.5985508 0.4685839
OS 0.5906312 0.4765035
OS 0.5912985 0.4765259
OS 0.591956 0.4766064
OS 0.5926039 0.4767452
OS 0.593242 0.4769421
OS 0.5938704 0.4771972
OS 0.5944892 0.4775104
OS 0.5950982 0.4778819
OS 0.5956976 0.4783115
OS 0.5962872 0.4787993
OS 0.5968672 0.4793453
OS 0.6013926 0.4748199
OE
SE
S P 0
OB 1.193883 0.509432 I
OS 1.194429 0.510012
OS 1.1949168 0.5106016
OS 1.1953464 0.511201
OS 1.1957179 0.51181
OS 1.1960311 0.5124288
OS 1.1962862 0.5130572
OS 1.1964831 0.5136953
OS 1.1966219 0.5143432
OS 1.1967024 0.5150007
OS 1.1967248 0.515668
OS 1.2046444 0.5077484
OS 1.2039771 0.507726
OS 1.2033196 0.5076455
OS 1.2026717 0.5075067
OS 1.2020336 0.5073098
OS 1.2014052 0.5070547
OS 1.2007864 0.5067415
OS 1.2001774 0.50637
OS 1.199578 0.5059404
OS 1.1989884 0.5054526
OS 1.1984084 0.5049066
OS 1.193883 0.509432
OE
SE
S P 0
OB 1.1206499 0.9954206 I
OS 1.1201827 0.9949061
OS 1.1197658 0.994347
OS 1.119399 0.9937433
OS 1.1190824 0.9930951
OS 1.1188159 0.9924022
OS 1.1185996 0.9916647
OS 1.1184334 0.9908827
OS 1.1183174 0.990056
OS 1.1182515 0.9891848
OS 1.1182358 0.9882689
OS 1.1103163 0.9961886
OS 1.1112321 0.9962043
OS 1.1121034 0.9962701
OS 1.11293 0.9963861
OS 1.1137121 0.9965523
OS 1.1144495 0.9967686
OS 1.1151424 0.9970351
OS 1.1157907 0.9973517
OS 1.1163943 0.9977185
OS 1.1169534 0.9981355
OS 1.1174679 0.9986026
OS 1.1206499 0.9954206
OE
SE
S P 0
OB 1.5321385 0.2466341 I
OS 1.5326529 0.246167
OS 1.533212 0.2457501
OS 1.5338157 0.2453833
OS 1.534464 0.2450666
OS 1.5351568 0.2448001
OS 1.5358943 0.2445838
OS 1.5366764 0.2444177
OS 1.537503 0.2443016
OS 1.5383743 0.2442358
OS 1.5392901 0.2442201
OS 1.5313705 0.2363005
OS 1.5313548 0.2372163
OS 1.531289 0.2380876
OS 1.5311729 0.2389142
OS 1.5310068 0.2396963
OS 1.5307905 0.2404338
OS 1.530524 0.2411266
OS 1.5302073 0.2417749
OS 1.5298405 0.2423786
OS 1.5294236 0.2429377
OS 1.5289565 0.2434521
OS 1.5321385 0.2466341
OE
SE
S P 0
OB 1.1617911 0.8237969 I
OS 1.1623562 0.8244009
OS 1.162861 0.8250223
OS 1.1633055 0.8256613
OS 1.1636897 0.8263177
OS 1.1640136 0.8269916
OS 1.1642772 0.827683
OS 1.1644805 0.8283919
OS 1.1646235 0.8291183
OS 1.1647063 0.8298622
OS 1.1647287 0.8306236
OS 1.1731433 0.822209
OS 1.1723819 0.8221866
OS 1.171638 0.8221038
OS 1.1709116 0.8219608
OS 1.1702027 0.8217575
OS 1.1695113 0.8214939
OS 1.1688374 0.82117
OS 1.168181 0.8207858
OS 1.167542 0.8203413
OS 1.1669206 0.8198365
OS 1.1663166 0.8192714
OS 1.1617911 0.8237969
OE
SE
S P 0
OB 1.1531695 0.617148 I
OS 1.1526044 0.616544
OS 1.1520996 0.6159226
OS 1.1516551 0.6152836
OS 1.1512709 0.6146272
OS 1.150947 0.6139532
OS 1.1506834 0.6132618
OS 1.1504801 0.6125529
OS 1.150337 0.6118265
OS 1.1502543 0.6110826
OS 1.1502319 0.6103213
OS 1.1418172 0.6187358
OS 1.1425786 0.6187582
OS 1.1433225 0.618841
OS 1.1440489 0.618984
OS 1.1447578 0.6191873
OS 1.1454492 0.619451
OS 1.1461231 0.6197749
OS 1.1467796 0.6201591
OS 1.1474185 0.6206036
OS 1.14804 0.6211083
OS 1.1486439 0.6216734
OS 1.1531695 0.617148
OE
SE
S P 0
OB 1.159398 0.6233765 I
OS 1.1574697 0.6214181
OS 1.1508674 0.613759
OS 1.1501547 0.6126539
OS 1.1496446 0.6116909
OS 1.1493371 0.6108702
OS 1.1492322 0.6101916
OS 1.1416876 0.6177362
OS 1.1423662 0.6178411
OS 1.1431869 0.6181486
OS 1.1441499 0.6186587
OS 1.145255 0.6193714
OS 1.1465024 0.6202867
OS 1.1494238 0.622725
OS 1.1529141 0.6259737
OS 1.1548725 0.627902
OS 1.159398 0.6233765
OE
SE
S P 0
OB 1.323797 0.9366341 I
OS 1.324401 0.936069
OS 1.3250224 0.9355642
OS 1.3256614 0.9351197
OS 1.3263178 0.9347355
OS 1.3269917 0.9344116
OS 1.3276831 0.934148
OS 1.328392 0.9339447
OS 1.3291184 0.9338017
OS 1.3298623 0.9337189
OS 1.3306237 0.9336965
OS 1.3222091 0.9252819
OS 1.3221867 0.9260433
OS 1.3221039 0.9267872
OS 1.3219609 0.9275136
OS 1.3217576 0.9282225
OS 1.321494 0.9289139
OS 1.3211701 0.9295878
OS 1.3207859 0.9302442
OS 1.3203414 0.9308832
OS 1.3198366 0.9315046
OS 1.3192715 0.9321086
OS 1.323797 0.9366341
OE
SE
S P 0
OB 1.3226165 1.0791105 I
OS 1.3231999 1.0797377
OS 1.323721 1.0803904
OS 1.3241798 1.0810684
OS 1.3245763 1.0817717
OS 1.3249104 1.0825004
OS 1.3251822 1.0832545
OS 1.3253917 1.0840339
OS 1.3255389 1.0848386
OS 1.3256237 1.0856687
OS 1.3256462 1.0865242
OS 1.3345557 1.0776147
OS 1.3337002 1.0775922
OS 1.3328701 1.0775074
OS 1.3320654 1.0773602
OS 1.331286 1.0771507
OS 1.3305319 1.0768789
OS 1.3298032 1.0765448
OS 1.3290999 1.0761483
OS 1.3284219 1.0756895
OS 1.3277692 1.0751684
OS 1.327142 1.074585
OS 1.3226165 1.0791105
OE
SE
S P 0
OB 1.4324285 0.9462793 I
OS 1.4319141 0.9467464
OS 1.431355 0.9471633
OS 1.4307513 0.9475301
OS 1.430103 0.9478468
OS 1.4294102 0.9481133
OS 1.4286727 0.9483296
OS 1.4278906 0.9484957
OS 1.427064 0.9486118
OS 1.4261927 0.9486776
OS 1.4252769 0.9486933
OS 1.4331965 0.9566129
OS 1.4332122 0.9556971
OS 1.433278 0.9548258
OS 1.4333941 0.9539992
OS 1.4335602 0.9532171
OS 1.4337765 0.9524796
OS 1.434043 0.9517868
OS 1.4343597 0.9511385
OS 1.4347265 0.9505348
OS 1.4351434 0.9499757
OS 1.4356105 0.9494613
OS 1.4324285 0.9462793
OE
SE
S P 0
OB 2.0643895 0.9455243 I
OS 2.0648566 0.9460387
OS 2.0652735 0.9465978
OS 2.0656403 0.9472015
OS 2.065957 0.9478498
OS 2.0662235 0.9485426
OS 2.0664398 0.9492801
OS 2.0666059 0.9500622
OS 2.066722 0.9508888
OS 2.0667878 0.9517601
OS 2.0668035 0.9526759
OS 2.0747231 0.9447563
OS 2.0738073 0.9447406
OS 2.072936 0.9446748
OS 2.0721094 0.9445587
OS 2.0713273 0.9443926
OS 2.0705898 0.9441763
OS 2.069897 0.9439098
OS 2.0692487 0.9435931
OS 2.068645 0.9432263
OS 2.0680859 0.9428094
OS 2.0675715 0.9423423
OS 2.0643895 0.9455243
OE
SE
S P 0
OB 1.3832872 0.4770204 I
OS 1.3837543 0.4775348
OS 1.3841712 0.4780939
OS 1.384538 0.4786976
OS 1.3848547 0.4793459
OS 1.3851212 0.4800387
OS 1.3853375 0.4807762
OS 1.3855036 0.4815583
OS 1.3856197 0.4823849
OS 1.3856855 0.4832562
OS 1.3857012 0.484172
OS 1.3936208 0.4762524
OS 1.392705 0.4762367
OS 1.3918337 0.4761709
OS 1.3910071 0.4760548
OS 1.390225 0.4758887
OS 1.3894875 0.4756724
OS 1.3887947 0.4754059
OS 1.3881464 0.4750892
OS 1.3875427 0.4747224
OS 1.3869836 0.4743055
OS 1.3864692 0.4738384
OS 1.3832872 0.4770204
OE
SE
S P 0
OB 0.8959508 0.2172015 I
OS 0.8959843 0.2165074
OS 0.8960848 0.2158172
OS 0.8962523 0.215131
OS 0.8964868 0.2144487
OS 0.8967883 0.2137704
OS 0.8971568 0.2130959
OS 0.8975923 0.2124254
OS 0.8980948 0.2117589
OS 0.8986643 0.2110962
OS 0.8993008 0.2104375
OS 0.8881008 0.2104375
OS 0.8887373 0.2110962
OS 0.8893068 0.2117589
OS 0.8898093 0.2124254
OS 0.8902448 0.2130959
OS 0.8906133 0.2137704
OS 0.8909148 0.2144487
OS 0.8911493 0.215131
OS 0.8913168 0.2158172
OS 0.8914173 0.2165074
OS 0.8914508 0.2172015
OS 0.8959508 0.2172015
OE
SE
S P 0
OB 1.3517911 0.4770203 I
OS 1.3522582 0.4775348
OS 1.3526752 0.4780939
OS 1.353042 0.4786975
OS 1.3533586 0.4793458
OS 1.3536251 0.4800387
OS 1.3538414 0.4807761
OS 1.3540076 0.4815582
OS 1.3541236 0.4823848
OS 1.3541894 0.4832561
OS 1.3542051 0.4841719
OS 1.3621248 0.4762524
OS 1.3612089 0.4762367
OS 1.3603377 0.4761708
OS 1.359511 0.4760548
OS 1.358729 0.4758886
OS 1.3579915 0.4756723
OS 1.3572986 0.4754058
OS 1.3566504 0.4750892
OS 1.3560467 0.4747224
OS 1.3554876 0.4743055
OS 1.3549731 0.4738383
OS 1.3517911 0.4770203
OE
SE
S P 0
OB 0.8487067 0.2683826 I
OS 0.8487402 0.2676885
OS 0.8488407 0.2669983
OS 0.8490082 0.2663121
OS 0.8492427 0.2656298
OS 0.8495442 0.2649515
OS 0.8499127 0.264277
OS 0.8503482 0.2636065
OS 0.8508507 0.26294
OS 0.8514202 0.2622773
OS 0.8520567 0.2616186
OS 0.8408567 0.2616186
OS 0.8414932 0.2622773
OS 0.8420627 0.26294
OS 0.8425652 0.2636065
OS 0.8430007 0.264277
OS 0.8433692 0.2649515
OS 0.8436707 0.2656298
OS 0.8439052 0.2663121
OS 0.8440727 0.2669983
OS 0.8441732 0.2676885
OS 0.8442067 0.2683826
OS 0.8487067 0.2683826
OE
SE
S P 0
OB 0.1442719 0.9521134 I
OS 0.1438048 0.951599
OS 0.1433879 0.9510399
OS 0.1430211 0.9504362
OS 0.1427044 0.9497879
OS 0.1424379 0.9490951
OS 0.1422216 0.9483576
OS 0.1420555 0.9475755
OS 0.1419394 0.9467489
OS 0.1418736 0.9458776
OS 0.1418579 0.9449618
OS 0.1339383 0.9528814
OS 0.1348541 0.9528971
OS 0.1357254 0.9529629
OS 0.136552 0.953079
OS 0.1373341 0.9532451
OS 0.1380716 0.9534614
OS 0.1387644 0.9537279
OS 0.1394127 0.9540446
OS 0.1400164 0.9544114
OS 0.1405755 0.9548283
OS 0.1410899 0.9552954
OS 0.1442719 0.9521134
OE
SE
S P 0
OB 2.3746582 1.1442719 I
OS 2.3751726 1.1438048
OS 2.3757317 1.1433879
OS 2.3763354 1.1430211
OS 2.3769837 1.1427044
OS 2.3776765 1.1424379
OS 2.378414 1.1422216
OS 2.3791961 1.1420555
OS 2.3800227 1.1419394
OS 2.380894 1.1418736
OS 2.3818098 1.1418579
OS 2.3738902 1.1339383
OS 2.3738745 1.1348541
OS 2.3738087 1.1357254
OS 2.3736926 1.136552
OS 2.3735265 1.1373341
OS 2.3733102 1.1380716
OS 2.3730437 1.1387644
OS 2.372727 1.1394127
OS 2.3723602 1.1400164
OS 2.3719433 1.1405755
OS 2.3714762 1.1410899
OS 2.3746582 1.1442719
OE
SE
S P 0
OB 2.0261616 0.1804599 I
OS 2.0256945 0.1799455
OS 2.0252776 0.1793864
OS 2.0249108 0.1787827
OS 2.0245941 0.1781344
OS 2.0243276 0.1774416
OS 2.0241113 0.1767041
OS 2.0239452 0.175922
OS 2.0238291 0.1750954
OS 2.0237633 0.1742241
OS 2.0237476 0.1733083
OS 2.015828 0.1812279
OS 2.0167438 0.1812436
OS 2.0176151 0.1813094
OS 2.0184417 0.1814255
OS 2.0192238 0.1815916
OS 2.0199613 0.1818079
OS 2.0206541 0.1820744
OS 2.0213024 0.1823911
OS 2.0219061 0.1827579
OS 2.0224652 0.1831748
OS 2.0229796 0.1836419
OS 2.0261616 0.1804599
OE
SE
S P 0
OB 1.4954206 0.6628147 I
OS 1.4949062 0.6632818
OS 1.4943471 0.6636987
OS 1.4937434 0.6640655
OS 1.4930951 0.6643822
OS 1.4924023 0.6646487
OS 1.4916648 0.664865
OS 1.4908827 0.6650311
OS 1.4900561 0.6651472
OS 1.4891848 0.665213
OS 1.488269 0.6652287
OS 1.4961886 0.6731483
OS 1.4962043 0.6722325
OS 1.4962701 0.6713612
OS 1.4963862 0.6705346
OS 1.4965523 0.6697525
OS 1.4967686 0.669015
OS 1.4970351 0.6683222
OS 1.4973518 0.6676739
OS 1.4977186 0.6670702
OS 1.4981355 0.6665111
OS 1.4986026 0.6659967
OS 1.4954206 0.6628147
OE
SE
S P 0
OB 1.8321061 0.2211149 I
OS 1.8325732 0.2216293
OS 1.8329901 0.2221884
OS 1.8333569 0.2227921
OS 1.8336736 0.2234404
OS 1.8339401 0.2241332
OS 1.8341564 0.2248707
OS 1.8343225 0.2256528
OS 1.8344386 0.2264794
OS 1.8345044 0.2273507
OS 1.8345201 0.2282665
OS 1.8424397 0.2203469
OS 1.8415239 0.2203312
OS 1.8406526 0.2202654
OS 1.839826 0.2201493
OS 1.8390439 0.2199832
OS 1.8383064 0.2197669
OS 1.8376136 0.2195004
OS 1.8369653 0.2191837
OS 1.8363616 0.2188169
OS 1.8358025 0.2184
OS 1.8352881 0.2179329
OS 1.8321061 0.2211149
OE
SE
S P 0
OB 1.4324285 0.6313187 I
OS 1.4319141 0.6317858
OS 1.431355 0.6322027
OS 1.4307513 0.6325695
OS 1.430103 0.6328862
OS 1.4294102 0.6331527
OS 1.4286727 0.633369
OS 1.4278906 0.6335351
OS 1.427064 0.6336512
OS 1.4261927 0.633717
OS 1.4252769 0.6337327
OS 1.4331965 0.6416523
OS 1.4332122 0.6407365
OS 1.433278 0.6398652
OS 1.4333941 0.6390386
OS 1.4335602 0.6382565
OS 1.4337765 0.637519
OS 1.434043 0.6368262
OS 1.4343597 0.6361779
OS 1.4347265 0.6355742
OS 1.4351434 0.6350151
OS 1.4356105 0.6345007
OS 1.4324285 0.6313187
OE
SE
S P 0
OB 1.6833524 0.2132645 I
OS 1.6833859 0.2125704
OS 1.6834864 0.2118802
OS 1.6836539 0.211194
OS 1.6838884 0.2105117
OS 1.6841899 0.2098334
OS 1.6845584 0.2091589
OS 1.6849939 0.2084884
OS 1.6854964 0.2078219
OS 1.6860659 0.2071592
OS 1.6867024 0.2065005
OS 1.6755024 0.2065005
OS 1.6761389 0.2071592
OS 1.6767084 0.2078219
OS 1.6772109 0.2084884
OS 1.6776464 0.2091589
OS 1.6780149 0.2098334
OS 1.6783164 0.2105117
OS 1.6785509 0.211194
OS 1.6787184 0.2118802
OS 1.6788189 0.2125704
OS 1.6788524 0.2132645
OS 1.6833524 0.2132645
OE
SE
S P 0
OB 1.5269166 0.5998226 I
OS 1.5264022 0.6002897
OS 1.5258431 0.6007066
OS 1.5252394 0.6010734
OS 1.5245911 0.6013901
OS 1.5238983 0.6016566
OS 1.5231608 0.6018729
OS 1.5223787 0.602039
OS 1.5215521 0.6021551
OS 1.5206808 0.6022209
OS 1.519765 0.6022366
OS 1.5276846 0.6101562
OS 1.5277003 0.6092404
OS 1.5277661 0.6083691
OS 1.5278822 0.6075425
OS 1.5280483 0.6067604
OS 1.5282646 0.6060229
OS 1.5285311 0.6053301
OS 1.5288478 0.6046818
OS 1.5292146 0.6040781
OS 1.5296315 0.603519
OS 1.5300986 0.6030046
OS 1.5269166 0.5998226
OE
SE
S P 0
OB 1.6597303 0.2408236 I
OS 1.6597638 0.2401295
OS 1.6598643 0.2394393
OS 1.6600318 0.2387531
OS 1.6602663 0.2380708
OS 1.6605678 0.2373925
OS 1.6609363 0.236718
OS 1.6613718 0.2360475
OS 1.6618743 0.235381
OS 1.6624438 0.2347183
OS 1.6630803 0.2340596
OS 1.6518803 0.2340596
OS 1.6525168 0.2347183
OS 1.6530863 0.235381
OS 1.6535888 0.2360475
OS 1.6540243 0.236718
OS 1.6543928 0.2373925
OS 1.6546943 0.2380708
OS 1.6549288 0.2387531
OS 1.6550963 0.2394393
OS 1.6551968 0.2401295
OS 1.6552303 0.2408236
OS 1.6597303 0.2408236
OE
SE
S P 0
OB 1.5269166 0.5683266 I
OS 1.5264022 0.5687937
OS 1.5258431 0.5692106
OS 1.5252394 0.5695774
OS 1.5245911 0.5698941
OS 1.5238983 0.5701606
OS 1.5231608 0.5703769
OS 1.5223787 0.570543
OS 1.5215521 0.5706591
OS 1.5206808 0.5707249
OS 1.519765 0.5707406
OS 1.5276846 0.5786602
OS 1.5277003 0.5777444
OS 1.5277661 0.5768731
OS 1.5278822 0.5760465
OS 1.5280483 0.5752644
OS 1.5282646 0.5745269
OS 1.5285311 0.5738341
OS 1.5288478 0.5731858
OS 1.5292146 0.5725821
OS 1.5296315 0.572023
OS 1.5300986 0.5715086
OS 1.5269166 0.5683266
OE
SE
S P 0
OB 1.3418773 0.2651769 I
OS 1.3413629 0.265644
OS 1.3408038 0.2660609
OS 1.3402001 0.2664277
OS 1.3395518 0.2667444
OS 1.338859 0.2670109
OS 1.3381215 0.2672272
OS 1.3373394 0.2673933
OS 1.3365128 0.2675094
OS 1.3356415 0.2675752
OS 1.3347257 0.2675909
OS 1.3426453 0.2755105
OS 1.342661 0.2745947
OS 1.3427268 0.2737234
OS 1.3428429 0.2728968
OS 1.343009 0.2721147
OS 1.3432253 0.2713772
OS 1.3434918 0.2706844
OS 1.3438085 0.2700361
OS 1.3441753 0.2694324
OS 1.3445922 0.2688733
OS 1.3450593 0.2683589
OS 1.3418773 0.2651769
OE
SE
S P 0
OB 1.6016961 0.1872894 I
OS 1.6023902 0.1873229
OS 1.6030804 0.1874234
OS 1.6037666 0.1875909
OS 1.6044489 0.1878254
OS 1.6051272 0.1881269
OS 1.6058017 0.1884954
OS 1.6064722 0.1889309
OS 1.6071387 0.1894334
OS 1.6078014 0.1900029
OS 1.6084601 0.1906394
OS 1.6084601 0.1794394
OS 1.6078014 0.1800759
OS 1.6071387 0.1806454
OS 1.6064722 0.1811479
OS 1.6058017 0.1815834
OS 1.6051272 0.1819519
OS 1.6044489 0.1822534
OS 1.6037666 0.1824879
OS 1.6030804 0.1826554
OS 1.6023902 0.1827559
OS 1.6016961 0.1827894
OS 1.6016961 0.1872894
OE
SE
S P 0
OB 1.3812473 0.265177 I
OS 1.3807329 0.2656441
OS 1.3801738 0.266061
OS 1.3795701 0.2664278
OS 1.3789218 0.2667445
OS 1.378229 0.267011
OS 1.3774915 0.2672273
OS 1.3767094 0.2673934
OS 1.3758828 0.2675095
OS 1.3750115 0.2675753
OS 1.3740957 0.267591
OS 1.3820153 0.2755106
OS 1.382031 0.2745948
OS 1.3820968 0.2737235
OS 1.3822129 0.2728969
OS 1.382379 0.2721148
OS 1.3825953 0.2713773
OS 1.3828618 0.2706845
OS 1.3831785 0.2700362
OS 1.3835453 0.2694325
OS 1.3839622 0.2688734
OS 1.3844293 0.268359
OS 1.3812473 0.265177
OE
SE
S P 0
OB 1.562326 0.2030374 I
OS 1.5630201 0.2030709
OS 1.5637103 0.2031714
OS 1.5643965 0.2033389
OS 1.5650788 0.2035734
OS 1.5657571 0.2038749
OS 1.5664316 0.2042434
OS 1.5671021 0.2046789
OS 1.5677686 0.2051814
OS 1.5684313 0.2057509
OS 1.56909 0.2063874
OS 1.56909 0.1951874
OS 1.5684313 0.1958239
OS 1.5677686 0.1963934
OS 1.5671021 0.1968959
OS 1.5664316 0.1973314
OS 1.5657571 0.1976999
OS 1.5650788 0.1980014
OS 1.5643965 0.1982359
OS 1.5637103 0.1984034
OS 1.5630201 0.1985039
OS 1.562326 0.1985374
OS 1.562326 0.2030374
OE
SE
S P 0
OB 2.6105737 1.1303868 I
OS 2.6099279 1.131024
OS 2.6074536 1.1332014
OS 2.6071096 1.1334351
OS 2.6068158 1.1336016
OS 2.6065724 1.1337008
OS 2.6063792 1.1337327
OS 2.6142988 1.1416523
OS 2.6143307 1.1414591
OS 2.6144299 1.1412157
OS 2.6145964 1.1409219
OS 2.6148301 1.1405779
OS 2.6151311 1.1401836
OS 2.6159348 1.1392442
OS 2.6176447 1.1374578
OS 2.6105737 1.1303868
OE
SE
S P 0
OB 2.6012992 0.1464353 I
OS 2.6012932 0.1473425
OS 2.6010832 0.1506318
OS 2.6010052 0.1510403
OS 2.6009152 0.1513657
OS 2.6008132 0.151608
OS 2.6006992 0.1517672
OS 2.6118992 0.1517672
OS 2.6117852 0.151608
OS 2.6116832 0.1513657
OS 2.6115932 0.1510403
OS 2.6115152 0.1506318
OS 2.6114492 0.1501401
OS 2.6113532 0.1489075
OS 2.6112992 0.1464353
OS 2.6012992 0.1464353
OE
SE
S P 0
OB 0.5380129 0.8514452 I
OS 0.5374452 0.8519762
OS 0.5368607 0.8524504
OS 0.5362592 0.8528681
OS 0.5356408 0.853229
OS 0.5350056 0.8535333
OS 0.5343535 0.853781
OS 0.5336844 0.853972
OS 0.5329986 0.8541064
OS 0.5322958 0.8541841
OS 0.5315761 0.8542051
OS 0.5394957 0.8621247
OS 0.5395167 0.861405
OS 0.5395944 0.8607022
OS 0.5397288 0.8600164
OS 0.5399198 0.8593473
OS 0.5401675 0.8586952
OS 0.5404718 0.85806
OS 0.5408327 0.8574416
OS 0.5412504 0.8568401
OS 0.5417246 0.8562556
OS 0.5422556 0.8556879
OS 0.5380129 0.8514452
OE
SE
S P 0
OB 1.0092312 0.8099721 I
OS 1.0097989 0.8094411
OS 1.0103834 0.8089669
OS 1.0109849 0.8085492
OS 1.0116033 0.8081883
OS 1.0122385 0.807884
OS 1.0128906 0.8076363
OS 1.0135597 0.8074453
OS 1.0142455 0.8073109
OS 1.0149483 0.8072332
OS 1.015668 0.8072122
OS 1.0077484 0.7992926
OS 1.0077274 0.8000123
OS 1.0076497 0.8007151
OS 1.0075153 0.8014009
OS 1.0073243 0.80207
OS 1.0070766 0.8027221
OS 1.0067723 0.8033573
OS 1.0064114 0.8039757
OS 1.0059937 0.8045772
OS 1.0055195 0.8051617
OS 1.0049885 0.8057294
OS 1.0092312 0.8099721
OE
SE
S P 0
OB 0.5065168 0.8829413 I
OS 0.5059491 0.8834723
OS 0.5053646 0.8839465
OS 0.5047631 0.8843642
OS 0.5041447 0.8847251
OS 0.5035095 0.8850294
OS 0.5028574 0.8852771
OS 0.5021883 0.8854681
OS 0.5015025 0.8856025
OS 0.5007997 0.8856802
OS 0.50008 0.8857012
OS 0.5079996 0.8936208
OS 0.5080206 0.8929011
OS 0.5080983 0.8921983
OS 0.5082327 0.8915125
OS 0.5084237 0.8908434
OS 0.5086714 0.8901913
OS 0.5089757 0.8895561
OS 0.5093366 0.8889377
OS 0.5097543 0.8883362
OS 0.5102285 0.8877517
OS 0.5107595 0.887184
OS 0.5065168 0.8829413
OE
SE
S P 0
OB 1.0407273 0.8414682 I
OS 1.041295 0.8409372
OS 1.0418795 0.840463
OS 1.042481 0.8400453
OS 1.0430994 0.8396844
OS 1.0437346 0.8393801
OS 1.0443867 0.8391324
OS 1.0450558 0.8389414
OS 1.0457416 0.838807
OS 1.0464444 0.8387293
OS 1.0471641 0.8387083
OS 1.0392445 0.8307887
OS 1.0392235 0.8315084
OS 1.0391458 0.8322112
OS 1.0390114 0.832897
OS 1.0388204 0.8335661
OS 1.0385727 0.8342182
OS 1.0382684 0.8348534
OS 1.0379075 0.8354718
OS 1.0374898 0.8360733
OS 1.0370156 0.8366578
OS 1.0364846 0.8372255
OS 1.0407273 0.8414682
OE
SE
S P 0
OB 0.6639971 0.9459334 I
OS 0.6634294 0.9464644
OS 0.6628449 0.9469386
OS 0.6622434 0.9473563
OS 0.661625 0.9477172
OS 0.6609898 0.9480215
OS 0.6603377 0.9482692
OS 0.6596686 0.9484602
OS 0.6589828 0.9485946
OS 0.65828 0.9486723
OS 0.6575603 0.9486933
OS 0.6654799 0.9566129
OS 0.6655009 0.9558932
OS 0.6655786 0.9551904
OS 0.665713 0.9545046
OS 0.665904 0.9538355
OS 0.6661517 0.9531834
OS 0.666456 0.9525482
OS 0.6668169 0.9519298
OS 0.6672346 0.9513283
OS 0.6677088 0.9507438
OS 0.6682398 0.9501761
OS 0.6639971 0.9459334
OE
SE
S P 0
OB 1.0407273 0.9359564 I
OS 1.041295 0.9354254
OS 1.0418795 0.9349512
OS 1.042481 0.9345335
OS 1.0430994 0.9341726
OS 1.0437346 0.9338683
OS 1.0443867 0.9336206
OS 1.0450558 0.9334296
OS 1.0457416 0.9332952
OS 1.0464444 0.9332175
OS 1.0471641 0.9331965
OS 1.0392445 0.9252769
OS 1.0392235 0.9259966
OS 1.0391458 0.9266994
OS 1.0390114 0.9273852
OS 1.0388204 0.9280543
OS 1.0385727 0.9287064
OS 1.0382684 0.9293416
OS 1.0379075 0.92996
OS 1.0374898 0.9305615
OS 1.0370156 0.931146
OS 1.0364846 0.9317137
OS 1.0407273 0.9359564
OE
SE
S P 0
OB 1.0092312 0.7154839 I
OS 1.0097989 0.7149529
OS 1.0103834 0.7144787
OS 1.0109849 0.714061
OS 1.0116033 0.7137001
OS 1.0122385 0.7133958
OS 1.0128906 0.7131481
OS 1.0135597 0.7129571
OS 1.0142455 0.7128227
OS 1.0149483 0.712745
OS 1.015668 0.712724
OS 1.0077484 0.7048044
OS 1.0077274 0.7055241
OS 1.0076497 0.7062269
OS 1.0075153 0.7069127
OS 1.0073243 0.7075818
OS 1.0070766 0.7082339
OS 1.0067723 0.7088691
OS 1.0064114 0.7094875
OS 1.0059937 0.710089
OS 1.0055195 0.7106735
OS 1.0049885 0.7112412
OS 1.0092312 0.7154839
OE
SE
S P 0
OB 0.6645888 0.8193575 I
OS 0.6639979 0.8199068
OS 0.6633822 0.8203973
OS 0.6627417 0.8208292
OS 0.6620765 0.8212024
OS 0.6613865 0.8215169
OS 0.6606718 0.8217727
OS 0.6599323 0.8219698
OS 0.659168 0.8221083
OS 0.6583791 0.822188
OS 0.6575653 0.8222091
OS 0.6659799 0.8306237
OS 0.666001 0.8298099
OS 0.6660807 0.829021
OS 0.6662192 0.8282567
OS 0.6664163 0.8275172
OS 0.6666721 0.8268025
OS 0.6669866 0.8261125
OS 0.6673598 0.8254473
OS 0.6677917 0.8248068
OS 0.6682822 0.8241911
OS 0.6688315 0.8236002
OS 0.6645888 0.8193575
OE
SE
S P 0
OB 0.6645888 0.7878614 I
OS 0.6639979 0.7884107
OS 0.6633822 0.7889012
OS 0.6627417 0.7893331
OS 0.6620765 0.7897063
OS 0.6613865 0.7900208
OS 0.6606718 0.7902766
OS 0.6599323 0.7904737
OS 0.659168 0.7906122
OS 0.6583791 0.7906919
OS 0.6575653 0.790713
OS 0.6659799 0.7991276
OS 0.666001 0.7983138
OS 0.6660807 0.7975249
OS 0.6662192 0.7967606
OS 0.6664163 0.7960211
OS 0.6666721 0.7953064
OS 0.6669866 0.7946164
OS 0.6673598 0.7939512
OS 0.6677917 0.7933107
OS 0.6682822 0.792695
OS 0.6688315 0.7921041
OS 0.6645888 0.7878614
OE
SE
S P 0
OB 1.0092312 0.6839878 I
OS 1.0097989 0.6834569
OS 1.0103835 0.6829826
OS 1.010985 0.682565
OS 1.0116033 0.682204
OS 1.0122386 0.6818997
OS 1.0128907 0.681652
OS 1.0135597 0.681461
OS 1.0142456 0.6813267
OS 1.0149484 0.681249
OS 1.0156681 0.6812279
OS 1.0077484 0.6733084
OS 1.0077274 0.674028
OS 1.0076497 0.6747308
OS 1.0075153 0.6754167
OS 1.0073243 0.6760857
OS 1.0070767 0.6767379
OS 1.0067723 0.6773731
OS 1.0064114 0.6779915
OS 1.0059938 0.6785929
OS 1.0055195 0.6791775
OS 1.0049886 0.6797452
OS 1.0092312 0.6839878
OE
SE
S P 0
OB 1.5951543 0.8914508 I
OS 1.5944602 0.8914173
OS 1.59377 0.8913168
OS 1.5930838 0.8911493
OS 1.5924015 0.8909148
OS 1.5917232 0.8906133
OS 1.5910487 0.8902448
OS 1.5903782 0.8898093
OS 1.5897117 0.8893068
OS 1.589049 0.8887373
OS 1.5883903 0.8881008
OS 1.5883903 0.8993008
OS 1.589049 0.8986643
OS 1.5897117 0.8980948
OS 1.5903782 0.8975923
OS 1.5910487 0.8971568
OS 1.5917232 0.8967883
OS 1.5924015 0.8964868
OS 1.5930838 0.8962523
OS 1.59377 0.8960848
OS 1.5944602 0.8959843
OS 1.5951543 0.8959508
OS 1.5951543 0.8914508
OE
SE
S P 0
OB 2.6991004 0.1423984 I
OS 2.6991339 0.1417043
OS 2.6992344 0.1410141
OS 2.6994019 0.1403279
OS 2.6996364 0.1396456
OS 2.6999379 0.1389673
OS 2.7003064 0.1382928
OS 2.7007419 0.1376223
OS 2.7012444 0.1369558
OS 2.7018139 0.1362931
OS 2.7024504 0.1356344
OS 2.6912504 0.1356344
OS 2.6918869 0.1362931
OS 2.6924564 0.1369558
OS 2.6929589 0.1376223
OS 2.6933944 0.1382928
OS 2.6937629 0.1389673
OS 2.6940644 0.1396456
OS 2.6942989 0.1403279
OS 2.6944664 0.1410141
OS 2.6945669 0.1417043
OS 2.6946004 0.1423984
OS 2.6991004 0.1423984
OE
SE
S P 0
OB 1.5584127 0.8832872 I
OS 1.5578983 0.8837543
OS 1.5573392 0.8841712
OS 1.5567355 0.884538
OS 1.5560872 0.8848547
OS 1.5553944 0.8851212
OS 1.5546569 0.8853375
OS 1.5538748 0.8855036
OS 1.5530482 0.8856197
OS 1.5521769 0.8856855
OS 1.5512611 0.8857012
OS 1.5591807 0.8936208
OS 1.5591964 0.892705
OS 1.5592622 0.8918337
OS 1.5593783 0.8910071
OS 1.5595444 0.890225
OS 1.5597607 0.8894875
OS 1.5600272 0.8887947
OS 1.5603439 0.8881464
OS 1.5607107 0.8875427
OS 1.5611276 0.8869836
OS 1.5615947 0.8864692
OS 1.5584127 0.8832872
OE
SE
S P 0
OB 2.6754783 0.1660204 I
OS 2.6755118 0.1653263
OS 2.6756123 0.1646361
OS 2.6757798 0.1639499
OS 2.6760143 0.1632676
OS 2.6763158 0.1625893
OS 2.6766843 0.1619148
OS 2.6771198 0.1612443
OS 2.6776223 0.1605778
OS 2.6781918 0.1599151
OS 2.6788283 0.1592564
OS 2.6676283 0.1592564
OS 2.6682648 0.1599151
OS 2.6688343 0.1605778
OS 2.6693368 0.1612443
OS 2.6697723 0.1619148
OS 2.6701408 0.1625893
OS 2.6704423 0.1632676
OS 2.6706768 0.1639499
OS 2.6708443 0.1646361
OS 2.6709448 0.1653263
OS 2.6709783 0.1660204
OS 2.6754783 0.1660204
OE
SE
S P 0
OB 1.2287634 0.4315454 I
OS 1.2292577 0.4311019
OS 1.2298061 0.4307063
OS 1.2304086 0.4303583
OS 1.2310652 0.4300581
OS 1.2317758 0.4298057
OS 1.2325406 0.429601
OS 1.2333594 0.429444
OS 1.2342324 0.4293347
OS 1.2351594 0.4292732
OS 1.2361405 0.4292594
OS 1.2282209 0.4213398
OS 1.2282071 0.4223209
OS 1.2280363 0.4241209
OS 1.2278793 0.4249397
OS 1.2276746 0.4257045
OS 1.2274222 0.4264151
OS 1.227122 0.4270717
OS 1.226774 0.4276742
OS 1.2263784 0.4282226
OS 1.2259349 0.4287169
OS 1.2287634 0.4315454
OE
SE
S P 0
OB 0.2723885 0.4507559 I
OS 0.2717254 0.4507199
OS 0.2710578 0.4506119
OS 0.2703858 0.4504319
OS 0.2697092 0.4501799
OS 0.2690282 0.4498559
OS 0.2683427 0.4494599
OS 0.2676527 0.4489919
OS 0.2669581 0.4484519
OS 0.2662591 0.4478399
OS 0.2655556 0.4471559
OS 0.2655556 0.4583559
OS 0.2662591 0.4576719
OS 0.2676527 0.4565199
OS 0.2683427 0.4560519
OS 0.2690282 0.4556559
OS 0.2697092 0.4553319
OS 0.2703858 0.4550799
OS 0.2710578 0.4548999
OS 0.2717254 0.4547919
OS 0.2723885 0.4547559
OS 0.2723885 0.4507559
OE
SE
S P 0
OB 0.3775358 0.5054624 I
OS 0.3770415 0.5059059
OS 0.3764931 0.5063015
OS 0.3758906 0.5066495
OS 0.375234 0.5069497
OS 0.3745234 0.5072021
OS 0.3737586 0.5074068
OS 0.3729398 0.5075638
OS 0.3720668 0.5076731
OS 0.3711398 0.5077346
OS 0.3701587 0.5077484
OS 0.3780783 0.515668
OS 0.3780921 0.5146869
OS 0.3782629 0.5128869
OS 0.3784199 0.5120681
OS 0.3786246 0.5113033
OS 0.378877 0.5105927
OS 0.3791772 0.5099361
OS 0.3795252 0.5093336
OS 0.3799208 0.5087852
OS 0.3803643 0.5082909
OS 0.3775358 0.5054624
OE
SE
S P 0
OB 1.2602594 0.4315454 I
OS 1.2607538 0.431102
OS 1.2613022 0.4307063
OS 1.2619046 0.4303584
OS 1.2625612 0.4300582
OS 1.2632719 0.4298057
OS 1.2640367 0.429601
OS 1.2648555 0.429444
OS 1.2657284 0.4293347
OS 1.2666555 0.4292732
OS 1.2676366 0.4292594
OS 1.2597169 0.4213399
OS 1.2597031 0.422321
OS 1.2595324 0.4241209
OS 1.2593754 0.4249398
OS 1.2591707 0.4257045
OS 1.2589182 0.4264152
OS 1.258618 0.4270718
OS 1.2582701 0.4276743
OS 1.2578744 0.4282227
OS 1.257431 0.428717
OS 1.2602594 0.4315454
OE
SE
S P 0
OB 1.1657712 0.4630415 I
OS 1.1662655 0.462598
OS 1.1668139 0.4622024
OS 1.1674164 0.4618544
OS 1.168073 0.4615542
OS 1.1687836 0.4613018
OS 1.1695484 0.4610971
OS 1.1703672 0.4609401
OS 1.1712402 0.4608308
OS 1.1721672 0.4607693
OS 1.1731483 0.4607555
OS 1.1652287 0.4528359
OS 1.1652149 0.453817
OS 1.1650441 0.455617
OS 1.1648871 0.4564358
OS 1.1646824 0.4572006
OS 1.16443 0.4579112
OS 1.1641298 0.4585678
OS 1.1637818 0.4591703
OS 1.1633862 0.4597187
OS 1.1629427 0.460213
OS 1.1657712 0.4630415
OE
SE
S P 0
OB 0.3393177 0.478315 I
OS 0.3386546 0.478279
OS 0.337987 0.478171
OS 0.337315 0.477991
OS 0.3366384 0.477739
OS 0.3359574 0.477415
OS 0.3352719 0.477019
OS 0.3345819 0.476551
OS 0.3338873 0.476011
OS 0.3331883 0.475399
OS 0.3324848 0.474715
OS 0.3324848 0.485915
OS 0.3331883 0.485231
OS 0.3345819 0.484079
OS 0.3352719 0.483611
OS 0.3359574 0.483215
OS 0.3366384 0.482891
OS 0.337315 0.482639
OS 0.337987 0.482459
OS 0.3386546 0.482351
OS 0.3393177 0.482315
OS 0.3393177 0.478315
OE
SE
S P 0
OB 1.4986026 0.9009324 I
OS 1.4981355 0.900418
OS 1.4977186 0.8998589
OS 1.4973518 0.8992552
OS 1.4970351 0.8986069
OS 1.4967686 0.8979141
OS 1.4965523 0.8971766
OS 1.4963862 0.8963945
OS 1.4962701 0.8955679
OS 1.4962043 0.8946966
OS 1.4961886 0.8937808
OS 1.488269 0.9017004
OS 1.4891848 0.9017161
OS 1.4900561 0.9017819
OS 1.4908827 0.901898
OS 1.4916648 0.9020641
OS 1.4924023 0.9022804
OS 1.4930951 0.9025469
OS 1.4937434 0.9028636
OS 1.4943471 0.9032304
OS 1.4949062 0.9036473
OS 1.4954206 0.9041144
OS 1.4986026 0.9009324
OE
SE
S P 0
OB 2.0880116 0.9455243 I
OS 2.0884787 0.9460387
OS 2.0888956 0.9465978
OS 2.0892624 0.9472015
OS 2.0895791 0.9478498
OS 2.0898456 0.9485426
OS 2.0900619 0.9492801
OS 2.090228 0.9500622
OS 2.0903441 0.9508888
OS 2.0904099 0.9517601
OS 2.0904256 0.9526759
OS 2.0983452 0.9447563
OS 2.0974294 0.9447406
OS 2.0965581 0.9446748
OS 2.0957315 0.9445587
OS 2.0949494 0.9443926
OS 2.0942119 0.9441763
OS 2.0935191 0.9439098
OS 2.0928708 0.9435931
OS 2.0922671 0.9432263
OS 2.091708 0.9428094
OS 2.0911936 0.9423423
OS 2.0880116 0.9455243
OE
SE
S P 0
OB 0.2397406 0.4424703 I
OS 0.2392463 0.4429138
OS 0.2386979 0.4433094
OS 0.2380954 0.4436574
OS 0.2374388 0.4439576
OS 0.2367282 0.44421
OS 0.2359634 0.4444147
OS 0.2351446 0.4445717
OS 0.2342716 0.444681
OS 0.2333446 0.4447425
OS 0.2323635 0.4447563
OS 0.2402831 0.4526759
OS 0.2402969 0.4516948
OS 0.2404677 0.4498948
OS 0.2406247 0.449076
OS 0.2408294 0.4483112
OS 0.2410818 0.4476006
OS 0.241382 0.446944
OS 0.24173 0.4463415
OS 0.2421256 0.4457931
OS 0.2425691 0.4452988
OS 0.2397406 0.4424703
OE
SE
S P 0
OB 1.1314467 0.4138027 I
OS 1.1318902 0.414297
OS 1.1322858 0.4148454
OS 1.1326338 0.4154479
OS 1.132934 0.4161045
OS 1.1331864 0.4168151
OS 1.1333911 0.4175799
OS 1.1335481 0.4183987
OS 1.1336574 0.4192717
OS 1.1337189 0.4201987
OS 1.1337327 0.4211798
OS 1.1416523 0.4132602
OS 1.1406712 0.4132464
OS 1.1388712 0.4130756
OS 1.1380524 0.4129186
OS 1.1372876 0.4127139
OS 1.136577 0.4124615
OS 1.1359204 0.4121613
OS 1.1353179 0.4118133
OS 1.1347695 0.4114177
OS 1.1342752 0.4109742
OS 1.1314467 0.4138027
OE
SE
S P 0
OB 1.6817684 0.8284587 I
OS 1.6810743 0.8284252
OS 1.6803841 0.8283247
OS 1.6796979 0.8281572
OS 1.6790156 0.8279227
OS 1.6783373 0.8276212
OS 1.6776628 0.8272527
OS 1.6769923 0.8268172
OS 1.6763258 0.8263147
OS 1.6756631 0.8257452
OS 1.6750044 0.8251087
OS 1.6750044 0.8363087
OS 1.6756631 0.8356722
OS 1.6763258 0.8351027
OS 1.6769923 0.8346002
OS 1.6776628 0.8341647
OS 1.6783373 0.8337962
OS 1.6790156 0.8334947
OS 1.6796979 0.8332602
OS 1.6803841 0.8330927
OS 1.6810743 0.8329922
OS 1.6817684 0.8329587
OS 1.6817684 0.8284587
OE
SE
S P 0
OB 2.6282343 0.1620834 I
OS 2.6282678 0.1613893
OS 2.6283683 0.1606991
OS 2.6285358 0.1600129
OS 2.6287703 0.1593306
OS 2.6290718 0.1586523
OS 2.6294403 0.1579778
OS 2.6298758 0.1573073
OS 2.6303783 0.1566408
OS 2.6309478 0.1559781
OS 2.6315843 0.1553194
OS 2.6203843 0.1553194
OS 2.6210208 0.1559781
OS 2.6215903 0.1566408
OS 2.6220928 0.1573073
OS 2.6225283 0.1579778
OS 2.6228968 0.1586523
OS 2.6231983 0.1593306
OS 2.6234328 0.1600129
OS 2.6236003 0.1606991
OS 2.6237008 0.1613893
OS 2.6237343 0.1620834
OS 2.6282343 0.1620834
OE
SE
S P 0
OB 1.6581464 0.8599547 I
OS 1.6574523 0.8599212
OS 1.6567621 0.8598207
OS 1.6560759 0.8596532
OS 1.6553936 0.8594187
OS 1.6547153 0.8591172
OS 1.6540408 0.8587487
OS 1.6533703 0.8583132
OS 1.6527038 0.8578107
OS 1.6520411 0.8572412
OS 1.6513824 0.8566047
OS 1.6513824 0.8678047
OS 1.6520411 0.8671682
OS 1.6527038 0.8665987
OS 1.6533703 0.8660962
OS 1.6540408 0.8656607
OS 1.6547153 0.8652922
OS 1.6553936 0.8649907
OS 1.6560759 0.8647562
OS 1.6567621 0.8645887
OS 1.6574523 0.8644882
OS 1.6581464 0.8644547
OS 1.6581464 0.8599547
OE
SE
S P 0
OB 2.6479193 0.1463354 I
OS 2.6479528 0.1456413
OS 2.6480533 0.1449511
OS 2.6482208 0.1442649
OS 2.6484553 0.1435826
OS 2.6487568 0.1429043
OS 2.6491253 0.1422298
OS 2.6495608 0.1415593
OS 2.6500633 0.1408928
OS 2.6506328 0.1402301
OS 2.6512693 0.1395714
OS 2.6400693 0.1395714
OS 2.6407058 0.1402301
OS 2.6412753 0.1408928
OS 2.6417778 0.1415593
OS 2.6422133 0.1422298
OS 2.6425818 0.1429043
OS 2.6428833 0.1435826
OS 2.6431178 0.1442649
OS 2.6432853 0.1449511
OS 2.6433858 0.1456413
OS 2.6434193 0.1463354
OS 2.6479193 0.1463354
OE
SE
P 0.1338583 0.9448818 7 P 0 0 ;0=2,1=1
P 0.2322835 0.4527559 7 P 0 0 ;0=2,1=1
P 0.2598425 0.4527559 7 P 0 0 ;0=2,1=1
P 0.31 0.3149999 6 P 0 0 ;0=1,1=1
P 0.31 0.315 6 P 0 0 ;0=1,1=1
P 0.31 0.3649999 6 P 0 0 ;0=1,1=1
P 0.31 0.365 6 P 0 0 ;0=1,1=1
P 0.3267717 0.480315 7 P 0 0 ;0=2,1=1
P 0.36 0.3149999 6 P 0 0 ;0=1,1=1
P 0.36 0.315 6 P 0 0 ;0=1,1=1
P 0.36 0.3649999 6 P 0 0 ;0=1,1=1
P 0.36 0.365 6 P 0 0 ;0=1,1=1
P 0.3700787 0.515748 7 P 0 0 ;0=2,1=1
P 0.5 0.5787402 6 P 0 0 ;0=1,1=1
P 0.5 0.8937008 7 P 0 0 ;0=2,1=1
P 0.5314961 0.8622047 7 P 0 0 ;0=2,1=1
P 0.5629921 0.5787402 6 P 0 0 ;0=1,1=1
P 0.5629921 0.7677165 6 P 0 0 ;0=1,1=1
P 0.5629921 0.7992126 6 P 0 0 ;0=1,1=1
P 0.5905512 0.4685039 7 P 0 0 ;0=2,1=1
P 0.6574803 0.7992126 6 P 0 0 ;0=1,1=1
P 0.6574803 0.8307087 6 P 0 0 ;0=1,1=1
P 0.6574803 0.9566929 7 P 0 0 ;0=2,1=1
P 0.7204724 0.7677165 6 P 0 0 ;0=1,1=1
P 0.7834646 0.5787402 7 P 0 0 ;0=2,1=1
P 0.8464567 0.2559055 7 P 0 0 ;0=2,1=1
P 0.8700787 0.3031496 7 P 0 0 ;0=2,1=1
P 0.8937008 0.2047244 7 P 0 0 ;0=2,1=1
P 0.9527559 0.2559055 7 P 0 0 ;0=2,1=1
P 0.9527559 0.8937008 7 P 0 0 ;0=2,1=1
P 0.9606299 0.5433071 8 P 0 0 ;0=3,1=1
P 1.015748 0.6732283 7 P 0 0 ;0=2,1=1
P 1.015748 0.7047244 7 P 0 0 ;0=2,1=1
P 1.015748 0.7992126 7 P 0 0 ;0=2,1=1
P 1.023622 0.3031496 7 P 0 0 ;0=2,1=1
P 1.0472441 0.6732283 7 P 0 0 ;0=2,1=1
P 1.0472441 0.8307087 7 P 0 0 ;0=2,1=1
P 1.0472441 0.9251969 7 P 0 0 ;0=2,1=1
P 1.0787402 0.9251969 7 P 0 0 ;0=2,1=1
P 1.1102362 0.6417323 7 P 0 0 ;0=2,1=1
P 1.1102362 0.988189 7 P 0 0 ;0=2,1=1
P 1.1102362 1.019685 7 P 0 0 ;0=2,1=1
P 1.1417323 0.4212598 7 P 0 0 ;0=2,1=1
P 1.1417323 0.6102362 6 P 0 0 ;0=1,1=1
P 1.1417323 0.6417323 7 P 0 0 ;0=2,1=1
P 1.1732283 0.4527559 7 P 0 0 ;0=2,1=1
P 1.1732283 0.8307086 6 P 0 0 ;0=1,1=1
P 1.2047244 0.515748 7 P 0 0 ;0=2,1=1
P 1.2362205 0.4212598 7 P 0 0 ;0=2,1=1
P 1.2362205 0.988189 7 P 0 0 ;0=2,1=1
P 1.2677165 0.4212598 7 P 0 0 ;0=2,1=1
P 1.2677165 0.7992126 6 P 0 0 ;0=1,1=1
P 1.2834646 1.0866142 8 P 0 0 ;0=3,1=1
P 1.3307087 0.9251969 6 P 0 0 ;0=1,1=1
P 1.3346457 0.2755905 7 P 0 0 ;0=2,1=1
P 1.3346457 1.0866142 8 P 0 0 ;0=3,1=1
P 1.3622047 0.4527559 7 P 0 0 ;0=2,1=1
P 1.3622047 0.484252 7 P 0 0 ;0=2,1=1
P 1.3622047 0.988189 7 P 0 0 ;0=2,1=1
P 1.3740157 0.2755906 7 P 0 0 ;0=2,1=1
P 1.3937008 0.484252 7 P 0 0 ;0=2,1=1
P 1.3937008 0.7992126 7 P 0 0 ;0=2,1=1
P 1.3937008 0.9566929 7 P 0 0 ;0=2,1=1
P 1.4251969 0.6417323 7 P 0 0 ;0=2,1=1
P 1.4251969 0.9566929 7 P 0 0 ;0=2,1=1
P 1.4566929 0.4527559 7 P 0 0 ;0=2,1=1
P 1.4566929 0.484252 7 P 0 0 ;0=2,1=1
P 1.4566929 0.7677165 7 P 0 0 ;0=2,1=1
P 1.4566929 0.7992126 7 P 0 0 ;0=2,1=1
P 1.4566929 0.8307087 7 P 0 0 ;0=2,1=1
P 1.4566929 1.019685 7 P 0 0 ;0=2,1=1
P 1.488189 0.6732283 7 P 0 0 ;0=2,1=1
P 1.488189 0.7992126 7 P 0 0 ;0=2,1=1
P 1.488189 0.8937008 7 P 0 0 ;0=2,1=1
P 1.519685 0.2165354 7 P 0 0 ;0=2,1=1
P 1.519685 0.5787402 7 P 0 0 ;0=2,1=1
P 1.519685 0.6102362 7 P 0 0 ;0=2,1=1
P 1.519685 0.8307087 7 P 0 0 ;0=2,1=1
P 1.519685 0.9566929 7 P 0 0 ;0=2,1=1
P 1.519685 0.988189 7 P 0 0 ;0=2,1=1
P 1.5393701 0.2362205 7 P 0 0 ;0=2,1=1
P 1.5511811 0.8937008 7 P 0 0 ;0=2,1=1
P 1.5748031 0.2007874 7 P 0 0 ;0=2,1=1
P 1.5826772 0.8307087 7 P 0 0 ;0=2,1=1
P 1.5826772 0.8937008 7 P 0 0 ;0=2,1=1
P 1.6141732 0.1850394 7 P 0 0 ;0=2,1=1
P 1.6456693 0.8622047 7 P 0 0 ;0=2,1=1
P 1.6574803 0.2283465 7 P 0 0 ;0=2,1=1
P 1.6692913 0.8307087 7 P 0 0 ;0=2,1=1
P 1.6811024 0.2007874 7 P 0 0 ;0=2,1=1
P 1.8425197 0.2283465 7 P 0 0 ;0=2,1=1
P 2.015748 0.1732283 7 P 0 0 ;0=2,1=1
P 2.0748031 0.9527559 7 P 0 0 ;0=2,1=1
P 2.0984252 0.9527559 7 P 0 0 ;0=2,1=1
P 2.2362205 0.2047244 7 P 0 0 ;0=2,1=1
P 2.2755906 0.2047244 7 P 0 0 ;0=2,1=1
P 2.3818898 1.1338583 7 P 0 0 ;0=2,1=1
P 2.4566929 0.2047244 7 P 0 0 ;0=2,1=1
P 2.4685039 0.3307087 7 P 0 0 ;0=2,1=1
P 2.515748 0.2047244 7 P 0 0 ;0=2,1=1
P 2.5590551 0.2047244 7 P 0 0 ;0=2,1=1
P 2.5905512 0.2047244 7 P 0 0 ;0=2,1=1
P 2.6062992 0.1574803 7 P 0 0 ;0=2,1=1
P 2.6062992 1.1417323 7 P 0 0 ;0=2,1=1
P 2.6259843 0.1496063 7 P 0 0 ;0=2,1=1
P 2.6456693 0.1338583 7 P 0 0 ;0=2,1=1
P 2.6732283 0.1535433 7 P 0 0 ;0=2,1=1
P 2.6968504 0.1299213 7 P 0 0 ;0=2,1=1
P 2.9015748 0.3582677 7 P 0 0 ;0=2,1=1
P 2.9212598 0.1299213 7 P 0 0 ;0=2,1=1
P 2.9448819 0.1299213 7 P 0 0 ;0=2,1=1
P 2.9488189 0.3031496 7 P 0 0 ;0=2,1=1
P 3.0314961 0.1299213 7 P 0 0 ;0=2,1=1
