#Layer_Physical_Order=3
#Layer_Color=36540
#
#Feature symbol names
#
$0 r4.5
$1 r4
$2 r6.4
$3 r20
$4 r15
$5 r10
$6 r6
$7 r16
$8 r18
$9 r17

#
#Feature attribute names
#
@0 .geometry
@1 .pad_usage
@2 .nomenclature
@3 .string
@4 .string_angle

#
#Feature attribute text strings
#
&0 Layer 3 - Signal (Copper)
&1 VIA_RoundD16.0000H6.0000C22.0000
&2 VIA_RoundD18.0000H8.0000C24.0000
&3 VIA_RoundD17.0000H7.0000C23.0000

#
#Layer features
#
L 0.2992126 0.5 1.0354331 0.5 1 P 0
L 0.4055118 0.4527559 0.4566929 0.4015748 1 P 0
L 0.4370079 0.4527559 0.5275591 0.4527559 1 P 0
L 0.4566929 0.4015748 0.5748031 0.4015748 1 P 0
L 0.484252 0.6929134 0.484252 0.7007874 6 P 0
L 0.484252 0.6929134 0.488189 0.6889764 6 P 0
L 0.484252 0.7007874 0.488189 0.7047244 6 P 0
L 0.484252 0.7244094 0.484252 0.7322835 6 P 0
L 0.484252 0.7244094 0.488189 0.7204724 6 P 0
L 0.484252 0.7322835 0.488189 0.7362205 6 P 0
L 0.488189 0.6889764 0.8543307 0.6889764 6 P 0
L 0.488189 0.7047244 0.511811 0.7047244 6 P 0
L 0.488189 0.7204724 0.511811 0.7204724 6 P 0
L 0.488189 0.7362205 0.511811 0.7362205 6 P 0
L 0.5 0.7677165 0.515748 0.7519685 6 P 0
L 0.5009842 0.8297245 0.515748 0.8149607 2 P 0
L 0.511811 0.7047244 0.515748 0.7086614 6 P 0
L 0.511811 0.7204724 0.515748 0.7165354 6 P 0
L 0.511811 0.7362205 0.515748 0.7401575 6 P 0
L 0.515748 0.7086614 0.515748 0.7165354 6 P 0
L 0.515748 0.7401575 0.515748 0.7519685 6 P 0
L 0.515748 0.8149606 0.6102362 0.8149606 2 P 0
L 0.5275591 0.4527559 0.5590552 0.484252 1 P 0
L 0.5314961 0.5826772 0.5314961 0.6102362 6 P 0
L 0.5314961 0.5826772 0.5629921 0.5511812 6 P 0
L 0.5314961 0.7362205 0.5472441 0.7204725 6 P 0
L 0.5314961 0.9251968 0.5314961 0.988189 6 P 0
L 0.5314961 0.9251968 0.5472441 0.9094488 6 P 0
L 0.5314961 1.0511811 0.5472441 1.0669291 6 P 0
L 0.5472441 0.7204724 0.5748032 0.7204724 6 P 0
L 0.5472441 0.9094488 0.9291338 0.9094488 6 P 0
L 0.5472441 0.9763779 0.5472441 1.003937 6 P 0
L 0.5472441 0.9763779 0.5511811 0.9724409 6 P 0
L 0.5472441 1.003937 0.5629921 1.019685 6 P 0
L 0.5472441 1.0669291 1.0629922 1.0669291 6 P 0
L 0.5511811 0.9724409 0.968504 0.9724409 6 P 0
L 0.5551181 0.4173228 0.5905512 0.4527559 1 P 0
L 0.5590552 0.484252 1.0787402 0.484252 1 P 0
L 0.5629921 0.5511811 0.5629921 0.5511812 6 P 0
L 0.5629921 0.5511811 0.9330709 0.5511811 6 P 0
L 0.5629921 0.6102362 0.5629922 0.6102362 6 P 0
L 0.5629921 0.7362205 0.5787401 0.7519685 6 P 0
L 0.5629921 0.9251969 0.5787401 0.9409449 6 P 0
L 0.5629921 0.988189 0.5787401 1.003937 6 P 0
L 0.5629921 1.0511811 0.5787401 1.0354331 6 P 0
L 0.5629922 0.6102362 0.5787402 0.5944882 6 P 0
L 0.5748031 0.4015748 0.5944881 0.4212598 1 P 0
L 0.5748032 0.7204724 0.5908032 0.7044724 6 P 0
L 0.5787401 0.7519685 0.9133859 0.7519685 6 P 0
L 0.5787401 0.9409449 0.7716536 0.9409449 6 P 0
L 0.5787401 1.003937 0.968504 1.003937 6 P 0
L 0.5787401 1.0354331 1 1.0354331 6 P 0
L 0.5787402 0.5944882 0.8307087 0.5944882 6 P 0
L 0.5905512 0.4527559 0.984252 0.4527559 1 P 0
L 0.5908032 0.7044724 0.6296693 0.7044724 6 P 0
L 0.5944881 0.4212598 0.5944882 0.4212598 1 P 0
L 0.5944882 0.4212598 0.6102363 0.4370079 1 P 0
L 0.6102363 0.4370079 0.9685039 0.4370079 1 P 0
L 0.6296693 0.7044724 0.6417323 0.7165354 6 P 0
L 0.6417323 0.7165354 0.6417323 0.7322835 6 P 0
L 0.6417323 0.7322835 0.6456693 0.7362205 6 P 0
L 0.6456693 0.7362205 0.6574803 0.7362205 6 P 0
L 0.6574803 0.7362205 0.6614173 0.7322835 6 P 0
L 0.6574803 0.7677165 0.6771654 0.7874016 6 P 0
L 0.6614173 0.7244094 0.6614173 0.7322835 6 P 0
L 0.6614173 0.7244094 0.6653543 0.7204724 6 P 0
L 0.6653543 0.7204724 0.6771654 0.7204724 6 P 0
L 0.6771654 0.7204724 0.6811024 0.7244094 6 P 0
L 0.6771654 0.7874016 0.6771654 0.7992126 6 P 0
L 0.6771654 0.7992126 0.6811024 0.8031496 6 P 0
L 0.6811024 0.7244094 0.6811024 0.7322835 6 P 0
L 0.6811024 0.7322835 0.6850394 0.7362205 6 P 0
L 0.6811024 0.8031496 0.6968504 0.8031496 6 P 0
L 0.6850394 0.7362205 0.6968504 0.7362205 6 P 0
L 0.6889764 0.8307087 0.7047244 0.8149607 6 P 0
L 0.6968504 0.7362205 0.7007874 0.7322835 6 P 0
L 0.6968504 0.8031496 0.7007874 0.7992126 6 P 0
L 0.7007874 0.7244094 0.7007874 0.7322835 6 P 0
L 0.7007874 0.7244094 0.7047244 0.7204724 6 P 0
L 0.7007874 0.7874016 0.7007874 0.7992126 6 P 0
L 0.7007874 0.7874016 0.7047244 0.7834646 6 P 0
L 0.7047244 0.7204724 0.7637795 0.7204724 6 P 0
L 0.7047244 0.7834646 0.7322835 0.7834646 6 P 0
L 0.7047244 0.8149606 0.7047244 0.8149607 6 P 0
L 0.7047244 0.8149606 0.7322835 0.8149606 6 P 0
L 0.7204724 0.6417323 0.7204725 0.6417323 6 P 0
L 0.7204724 0.6732283 0.7362204 0.6574803 6 P 0
L 0.7204724 0.8937008 0.7362204 0.8779528 6 P 0
L 0.7204725 0.6417323 0.7362205 0.6259843 6 P 0
L 0.7322835 0.7834646 0.7362205 0.7795276 6 P 0
L 0.7322835 0.8149606 0.7362205 0.8188976 6 P 0
L 0.7362204 0.6574803 0.8385827 0.6574803 6 P 0
L 0.7362204 0.8779528 0.7716536 0.8779528 6 P 0
L 0.7362205 0.6259843 0.7677166 0.6259843 6 P 0
L 0.7362205 0.7795276 0.8228347 0.7795276 6 P 0
L 0.7362205 0.8188976 0.7362205 0.8425197 6 P 0
L 0.7362205 0.8425197 0.7401575 0.8464567 6 P 0
L 0.7401575 0.8464567 0.7519685 0.8464567 6 P 0
L 0.7440945 0.2952756 0.7440945 0.3307087 0 P 0
L 0.7440945 0.2952756 0.7637795 0.2755906 0 P 0
L 0.7440945 0.3307087 0.8188976 0.4055118 0 P 0
L 0.7480315 0.1850394 0.7480315 0.2204724 0 P 0
L 0.7480315 0.1850394 0.7755906 0.1574803 0 P 0
L 0.7480315 0.2204724 0.7637795 0.2362204 0 P 0
L 0.7519685 0.8464567 0.7559055 0.8425197 6 P 0
L 0.7559055 0.7992126 0.7559055 0.8425197 6 P 0
L 0.7559055 0.7992126 0.7598425 0.7952756 6 P 0
L 0.7598425 0.7952756 0.7716535 0.7952756 6 P 0
L 0.7637795 0.2362204 0.7637795 0.2755906 0 P 0
L 0.7637795 0.7204724 0.7677165 0.7165354 6 P 0
L 0.7677165 0.7086614 0.7677165 0.7165354 6 P 0
L 0.7677165 0.7086614 0.7716535 0.7047244 6 P 0
L 0.7677166 0.6259843 0.7834646 0.6417323 6 P 0
L 0.7716535 0.7047244 0.7834646 0.7047244 6 P 0
L 0.7716535 0.7952756 0.7755905 0.7992126 6 P 0
L 0.7716536 0.8779528 0.7755906 0.8818898 6 P 0
L 0.7716536 0.9409449 0.7755906 0.9370079 6 P 0
L 0.7755905 0.7992126 0.7755906 0.7992126 6 P 0
L 0.7755906 0.7992126 0.7755906 0.8622047 6 P 0
L 0.7755906 0.8622047 0.7795276 0.8661417 6 P 0
L 0.7755906 0.8818898 0.7755906 0.8897638 6 P 0
L 0.7755906 0.8897638 0.7795276 0.8937008 6 P 0
L 0.7755906 0.9291339 0.7755906 0.9370079 6 P 0
L 0.7755906 0.9291339 0.7795276 0.9251969 6 P 0
L 0.7795276 0.8661417 0.7913386 0.8661417 6 P 0
L 0.7795276 0.8937008 0.7913386 0.8937008 6 P 0
L 0.7795276 0.9251969 0.7913386 0.9251969 6 P 0
L 0.7834646 0.7047244 0.7874016 0.7086614 6 P 0
L 0.7874016 0.2559055 0.7874016 0.3267717 0 P 0
L 0.7874016 0.3267717 0.8503937 0.3897638 0 P 0
L 0.7874016 0.4685039 1.0944882 0.4685039 2 P 0
L 0.7874016 0.7086614 0.7874016 0.7165354 6 P 0
L 0.7874016 0.7165354 0.7913386 0.7204724 6 P 0
L 0.7913386 0.7204724 0.8031496 0.7204724 6 P 0
L 0.7913386 0.8661417 0.7952756 0.8622047 6 P 0
L 0.7913386 0.8937008 0.7952756 0.8897638 6 P 0
L 0.7913386 0.9251969 0.7952756 0.9291339 6 P 0
L 0.7952756 0.7992126 0.7952756 0.8622047 6 P 0
L 0.7952756 0.7992126 0.7992126 0.7952756 6 P 0
L 0.7952756 0.8818898 0.7952756 0.8897638 6 P 0
L 0.7952756 0.8818898 0.7992126 0.8779528 6 P 0
L 0.7952756 0.9291339 0.7952756 0.9527559 6 P 0
L 0.7952756 0.9527559 0.7992126 0.9566929 6 P 0
L 0.7992126 0.7952756 0.8110236 0.7952756 6 P 0
L 0.7992126 0.8779528 0.8110236 0.8779528 6 P 0
L 0.7992126 0.9566929 0.8110236 0.9566929 6 P 0
L 0.8031496 0.7204724 0.8070866 0.7165354 6 P 0
L 0.8070866 0.7086614 0.8070866 0.7165354 6 P 0
L 0.8070866 0.7086614 0.8110236 0.7047244 6 P 0
L 0.8110236 0.3031496 0.8818897 0.3740157 0 P 0
L 0.8110236 0.7047244 0.8228346 0.7047244 6 P 0
L 0.8110236 0.7952756 0.8149606 0.7992126 6 P 0
L 0.8110236 0.8779528 0.8149606 0.8818898 6 P 0
L 0.8110236 0.9566929 0.8149606 0.9527559 6 P 0
L 0.8149606 0.7362205 0.8897637 0.7362205 6 P 0
L 0.8149606 0.7992126 0.8149606 0.8622047 6 P 0
L 0.8149606 0.8622047 0.8188976 0.8661417 6 P 0
L 0.8149606 0.8818898 0.8149606 0.8897638 6 P 0
L 0.8149606 0.8897638 0.8188976 0.8937008 6 P 0
L 0.8149606 0.9291339 0.8149606 0.9527559 6 P 0
L 0.8149606 0.9291339 0.8188976 0.9251969 6 P 0
L 0.8188976 0.4055118 1.1889764 0.4055118 0 P 0
L 0.8188976 0.8661417 0.8307087 0.8661417 6 P 0
L 0.8188976 0.8937008 0.8307087 0.8937008 6 P 0
L 0.8188976 0.9251969 0.8307087 0.9251969 6 P 0
L 0.8228346 0.7047244 0.8267716 0.7086614 6 P 0
L 0.8228347 0.7795276 0.8307087 0.7874016 6 P 0
L 0.8267716 0.7086614 0.8267717 0.7086614 6 P 0
L 0.8267717 0.7086614 0.8267717 0.7165354 6 P 0
L 0.8267717 0.7165354 0.8307087 0.7204724 6 P 0
L 0.8307087 0.5944882 0.8464567 0.5787402 6 P 0
L 0.8307087 0.7204724 0.8425197 0.7204724 6 P 0
L 0.8307087 0.7874016 0.8307087 0.8267717 6 P 0
L 0.8307087 0.8267717 0.8346457 0.8307087 6 P 0
L 0.8307087 0.8661417 0.8346457 0.8622047 6 P 0
L 0.8307087 0.8937008 0.8346457 0.8897638 6 P 0
L 0.8307087 0.9251969 0.8346457 0.9291339 6 P 0
L 0.8346457 0.8307087 0.8464567 0.8307087 6 P 0
L 0.8346457 0.8503937 0.8346457 0.8622047 6 P 0
L 0.8346457 0.8503937 0.8385827 0.8464567 6 P 0
L 0.8346457 0.8818898 0.8346457 0.8897638 6 P 0
L 0.8346457 0.8818898 0.8385827 0.8779528 6 P 0
L 0.8346457 0.9291339 0.8346457 0.9527559 6 P 0
L 0.8346457 0.9527559 0.8385827 0.9566929 6 P 0
L 0.8385827 0.6574803 0.8700787 0.6259843 6 P 0
L 0.8385827 0.8464567 0.9409449 0.8464567 6 P 0
L 0.8385827 0.8779528 0.8503937 0.8779528 6 P 0
L 0.8385827 0.9566929 0.8503937 0.9566929 6 P 0
L 0.8425197 0.7204724 0.8464567 0.7165354 6 P 0
L 0.8464567 0.7086614 0.8464567 0.7165354 6 P 0
L 0.8464567 0.7086614 0.8503937 0.7047244 6 P 0
L 0.8464567 0.7677165 1.019685 0.7677165 6 P 0
L 0.8464567 0.8307087 0.8503937 0.8267717 6 P 0
L 0.8503937 0.3897638 1.2637795 0.3897638 0 P 0
L 0.8503937 0.7047244 0.8622047 0.7047244 6 P 0
L 0.8503937 0.7913386 0.8503937 0.8267717 6 P 0
L 0.8503937 0.7913386 0.8543307 0.7874016 6 P 0
L 0.8503937 0.8779528 0.8543307 0.8818898 6 P 0
L 0.8503937 0.9566929 0.8543307 0.9527559 6 P 0
L 0.8543307 0.6889764 0.8858268 0.6574803 6 P 0
L 0.8543307 0.7874016 0.8661417 0.7874016 6 P 0
L 0.8543307 0.8818898 0.8543307 0.8897638 6 P 0
L 0.8543307 0.8897638 0.8582677 0.8937008 6 P 0
L 0.8543307 0.9291339 0.8543307 0.9527559 6 P 0
L 0.8543307 0.9291339 0.8582677 0.9251969 6 P 0
L 0.8582677 0.8937008 0.8700787 0.8937008 6 P 0
L 0.8582677 0.9251969 0.8700787 0.9251969 6 P 0
L 0.8622047 0.7047244 0.8661417 0.7086614 6 P 0
L 0.8661417 0.7086614 0.8661417 0.7165354 6 P 0
L 0.8661417 0.7165354 0.8700787 0.7204724 6 P 0
L 0.8661417 0.7874016 0.8700787 0.7913386 6 P 0
L 0.8700787 0.5826772 0.8700787 0.6259843 6 P 0
L 0.8700787 0.5826772 0.8740157 0.5787402 6 P 0
L 0.8700787 0.7204724 0.8818898 0.7204724 6 P 0
L 0.8700787 0.7913386 0.8700787 0.8267717 6 P 0
L 0.8700787 0.8267717 0.8740157 0.8307087 6 P 0
L 0.8700787 0.8937008 0.8740157 0.8897638 6 P 0
L 0.8700787 0.9251969 0.8740157 0.9291339 6 P 0
L 0.8740157 0.5787402 0.8858268 0.5787402 6 P 0
L 0.8740157 0.8307087 0.8858268 0.8307087 6 P 0
L 0.8740157 0.8661417 0.8740157 0.8897638 6 P 0
L 0.8740157 0.8661417 0.8779527 0.8622047 6 P 0
L 0.8740157 0.9291339 0.8740157 0.9488189 6 P 0
L 0.8740157 0.9488189 0.8740158 0.9488189 6 P 0
L 0.8740158 0.9488189 0.8779528 0.9527559 6 P 0
L 0.8779527 0.8622047 0.8897638 0.8622047 6 P 0
L 0.8779528 0.6889764 0.8779528 0.6929134 6 P 0
L 0.8779528 0.6889764 0.8858268 0.6811024 6 P 0
L 0.8779528 0.6929134 0.8858268 0.7007874 6 P 0
L 0.8779528 0.9527559 0.9606299 0.9527559 6 P 0
L 0.8818897 0.3740157 1.2795275 0.3740157 0 P 0
L 0.8818898 0.7204724 0.8858268 0.7165354 6 P 0
L 0.8858268 0.5787402 0.8897638 0.5826772 6 P 0
L 0.8858268 0.6574803 1.0944881 0.6574803 6 P 0
L 0.8858268 0.6811024 0.9055117 0.6811024 6 P 0
L 0.8858268 0.7007874 0.8858268 0.7165354 6 P 0
L 0.8858268 0.8307087 0.8897638 0.8267717 6 P 0
L 0.8897637 0.7362205 0.9370078 0.6889764 6 P 0
L 0.8897638 0.5826772 0.8897638 0.6377953 6 P 0
L 0.8897638 0.6377953 0.8937008 0.6417323 6 P 0
L 0.8897638 0.7913386 0.8897638 0.8267717 6 P 0
L 0.8897638 0.7913386 0.8937008 0.7874016 6 P 0
L 0.8897638 0.8622047 0.8937008 0.8661417 6 P 0
L 0.8937008 0.6417323 0.9055118 0.6417323 6 P 0
L 0.8937008 0.7874016 0.9055118 0.7874016 6 P 0
L 0.8937008 0.8661417 0.8937008 0.8897638 6 P 0
L 0.8937008 0.8897638 0.8976378 0.8937008 6 P 0
L 0.8976378 0.8937008 0.9094488 0.8937008 6 P 0
L 0.9055117 0.6811024 0.9133858 0.6732283 6 P 0
L 0.9055118 0.6417323 0.9094488 0.6377953 6 P 0
L 0.9055118 0.7874016 0.9094488 0.7913386 6 P 0
L 0.9094488 0.5826772 0.9094488 0.6377953 6 P 0
L 0.9094488 0.5826772 0.9133858 0.5787402 6 P 0
L 0.9094488 0.7913386 0.9094488 0.8267717 6 P 0
L 0.9094488 0.8267717 0.9133858 0.8307087 6 P 0
L 0.9094488 0.8937008 0.9133858 0.8897638 6 P 0
L 0.9133858 0.5787402 0.9251969 0.5787402 6 P 0
L 0.9133858 0.6732283 0.9527559 0.6732283 6 P 0
L 0.9133858 0.8307087 0.9251969 0.8307087 6 P 0
L 0.9133858 0.8661417 0.9133858 0.8897638 6 P 0
L 0.9133858 0.8661417 0.9173228 0.8622047 6 P 0
L 0.9133859 0.7519685 0.944882 0.7204724 6 P 0
L 0.9173228 0.1259843 0.9370079 0.1456694 0 P 0
L 0.9173228 0.8622047 0.9291339 0.8622047 6 P 0
L 0.9251969 0.5787402 0.9291339 0.5826772 6 P 0
L 0.9251969 0.8307087 0.9291339 0.8267717 6 P 0
L 0.9291338 0.9094488 0.9448819 0.9251969 6 P 0
L 0.9291339 0.5826772 0.9291339 0.6377953 6 P 0
L 0.9291339 0.6377953 0.9330709 0.6417323 6 P 0
L 0.9291339 0.7913386 0.9291339 0.8267717 6 P 0
L 0.9291339 0.7913386 0.9330709 0.7874016 6 P 0
L 0.9291339 0.8622047 0.9330709 0.8661417 6 P 0
L 0.9330709 0.5511811 0.9448819 0.5629921 6 P 0
L 0.9330709 0.6417323 0.9448819 0.6417323 6 P 0
L 0.9330709 0.7874016 0.9448819 0.7874016 6 P 0
L 0.9330709 0.8661417 0.9330709 0.8740158 6 P 0
L 0.9330709 0.8740158 0.9370079 0.8779528 6 P 0
L 0.9370078 0.6889764 1.0629921 0.6889764 6 P 0
L 0.9370079 0.1456694 0.9370079 0.2677166 0 P 0
L 0.9370079 0.2677166 0.9527559 0.2834646 0 P 0
L 0.9370079 0.8779528 1.0629921 0.8779528 6 P 0
L 0.9409449 0.8464567 0.9448819 0.8503937 6 P 0
L 0.9448819 0.5629921 0.976378 0.5629921 6 P 0
L 0.9448819 0.6417323 0.9488189 0.6377953 6 P 0
L 0.9448819 0.7874016 0.9488189 0.7913386 6 P 0
L 0.9448819 0.8503937 0.9448819 0.8582677 6 P 0
L 0.9448819 0.8582677 0.9488189 0.8622047 6 P 0
L 0.9448819 0.9251969 0.984252 0.9251969 6 P 0
L 0.944882 0.7204724 1.0944882 0.7204724 6 P 0
L 0.9488189 0.5826772 0.9488189 0.6377953 6 P 0
L 0.9488189 0.5826772 0.9527559 0.5787402 6 P 0
L 0.9488189 0.7913386 0.9488189 0.8267717 6 P 0
L 0.9488189 0.8267717 0.9527559 0.8307087 6 P 0
L 0.9488189 0.8622047 0.996063 0.8622047 6 P 0
L 0.9527559 0.2834646 0.9527559 0.3110236 0 P 0
L 0.9527559 0.3110236 1 0.3582677 0 P 0
L 0.9527559 0.5787402 0.9645669 0.5787402 6 P 0
L 0.9527559 0.8307087 0.9645669 0.8307087 6 P 0
L 0.9606299 0.9527559 0.9724409 0.9409449 6 P 0
L 0.9645669 0.1574803 0.996063 0.1889764 0 P 0
L 0.9645669 0.2047244 0.976378 0.2165355 0 P 0
L 0.9645669 0.5787402 0.9685039 0.5826772 6 P 0
L 0.9645669 0.8307087 0.9685039 0.8267717 6 P 0
L 0.9685039 0.4370079 0.984252 0.4212598 1 P 0
L 0.9685039 0.5826772 0.9685039 0.6377953 6 P 0
L 0.9685039 0.6377953 0.9724409 0.6417323 6 P 0
L 0.9685039 0.8188976 0.9685039 0.8267717 6 P 0
L 0.9685039 0.8188976 0.9724409 0.8149606 6 P 0
L 0.968504 0.9724409 0.984252 0.9566929 6 P 0
L 0.968504 1.003937 0.984252 1.019685 6 P 0
L 0.9724409 0.6417323 0.984252 0.6417323 6 P 0
L 0.9724409 0.8149606 1.1220472 0.8149606 6 P 0
L 0.9724409 0.9409449 1 0.9409449 6 P 0
L 0.976378 0.2165355 0.976378 0.2716536 0 P 0
L 0.976378 0.2716536 1 0.2952756 0 P 0
L 0.976378 0.5629921 1.0078741 0.5944882 6 P 0
L 0.984252 0.4212598 1.0472441 0.4212598 1 P 0
L 0.984252 0.4527559 1 0.4370079 1 P 0
L 0.984252 0.6417323 0.988189 0.6377953 6 P 0
L 0.984252 0.8307087 1 0.8464567 6 P 0
L 0.988189 0.1259843 1.0137795 0.1515748 0 P 0
L 0.988189 0.6299213 0.988189 0.6377953 6 P 0
L 0.988189 0.6299213 0.992126 0.6259843 6 P 0
L 0.992126 0.6259843 1.0944881 0.6259843 6 P 0
L 0.996063 0.1889764 0.996063 0.2204724 0 P 0
L 0.996063 0.2204724 1.0275591 0.2519685 0 P 0
L 0.996063 0.8622047 1 0.8582677 6 P 0
L 1 0.2952756 1 0.3070866 0 P 0
L 1 0.3070866 1.0354331 0.3425197 0 P 0
L 1 0.3582677 1.3543307 0.3582677 0 P 0
L 1 0.4370079 1.0314961 0.4370079 1 P 0
L 1 0.8464567 1 0.8582677 6 P 0
L 1 0.9409449 1.015748 0.9251969 6 P 0
L 1 1.0354331 1.015748 1.0511811 6 P 0
L 1.0078741 0.5944882 1.1220473 0.5944882 6 P 0
L 1.0137795 0.1515748 1.0137795 0.1712598 0 P 0
L 1.0137795 0.1712598 1.0275591 0.1850394 0 P 0
L 1.019685 0.7677165 1.035185 0.7832165 6 P 0
L 1.0275591 0.1850394 1.0551181 0.1850394 0 P 0
L 1.0275591 0.2519685 1.0275591 0.2834646 0 P 0
L 1.0275591 0.2834646 1.0708662 0.3267717 0 P 0
L 1.0314961 0.4370079 1.0472441 0.4527559 1 P 0
L 1.035185 0.7832165 1.0627441 0.7832165 6 P 0
L 1.0354331 0.3425197 1.4094489 0.3425197 0 P 0
L 1.0354331 0.5 1.0669292 0.5314961 1 P 0
L 1.0472441 0.4212598 1.0472441 0.4212599 1 P 0
L 1.0472441 0.4212599 1.0629921 0.4370079 1 P 0
L 1.0472441 0.4527559 1.1102364 0.4527559 1 P 0
L 1.0551181 0.1850394 1.0708661 0.2007874 0 P 0
L 1.0627441 0.7832165 1.0787402 0.7992126 6 P 0
L 1.0629921 0.4370079 1.1850394 0.4370079 1 P 0
L 1.0629921 0.6889764 1.0787402 0.6732283 6 P 0
L 1.0629921 0.8779528 1.0787402 0.8622047 6 P 0
L 1.0629922 1.0669291 1.0787402 1.0511811 6 P 0
L 1.0669292 0.5314961 1.2204725 0.5314961 1 P 0
L 1.0708661 0.2007874 1.0708661 0.2519685 0 P 0
L 1.0708661 0.2519685 1.0984252 0.2795276 0 P 0
L 1.0708662 0.3267717 1.4173229 0.3267717 0 P 0
L 1.0787402 0.484252 1.0944882 0.5 1 P 0
L 1.0787402 0.7677165 1.0944882 0.7519685 6 P 0
L 1.0944881 0.6259843 1.1102362 0.6102362 6 P 0
L 1.0944881 0.6574803 1.1102362 0.6732284 6 P 0
L 1.0944882 0.4685039 1.0944882 0.468504 2 P 0
L 1.0944882 0.468504 1.1102362 0.484252 2 P 0
L 1.0944882 0.5 1.1574803 0.5 1 P 0
L 1.0944882 0.7204724 1.1102362 0.7047244 6 P 0
L 1.0944882 0.7519685 1.1220472 0.7519685 6 P 0
L 1.0984252 0.2795276 1.1535433 0.2795276 0 P 0
L 1.1102362 0.8937008 1.1259843 0.8779527 6 P 0
L 1.1102364 0.4527559 1.1259843 0.4685038 1 P 0
L 1.1220472 0.7519685 1.1259843 0.7480314 6 P 0
L 1.1220472 0.8149606 1.1259842 0.8188976 6 P 0
L 1.1220473 0.5944882 1.1259843 0.5984252 6 P 0
L 1.1259842 0.8188976 1.1259843 0.8188976 6 P 0
L 1.1259843 0.4685038 1.1574802 0.4685038 1 P 0
L 1.1259843 0.5984252 1.1259843 0.7480314 6 P 0
L 1.1259843 0.8188976 1.1259843 0.8779527 6 P 0
L 1.1259843 0.9448819 1.1259843 1.0787402 1 P 0
L 1.1259843 0.9448819 1.1299213 0.9409449 1 P 0
L 1.1299213 0.9409449 1.1574803 0.9409449 1 P 0
L 1.1535433 0.2795276 1.1850393 0.3110236 0 P 0
L 1.1574802 0.4685038 1.1574802 0.4685039 1 P 0
L 1.1574802 0.4685039 1.1732283 0.484252 1 P 0
L 1.1574803 0.5 1.1732283 0.515748 1 P 0
L 1.1574803 0.9409449 1.1732283 0.9251969 1 P 0
L 1.1732283 0.9566929 1.1889763 0.9724409 1 P 0
L 1.1850393 0.3110236 1.4251968 0.3110236 0 P 0
L 1.1850394 0.4370079 1.1889764 0.4409449 1 P 0
L 1.1889763 0.9724409 1.1889764 0.9724409 1 P 0
L 1.1889764 0.4055118 1.2362205 0.4527559 0 P 0
L 1.1889764 0.4409449 1.1889764 0.496063 1 P 0
L 1.1889764 0.496063 1.1929134 0.5 1 P 0
L 1.1889764 0.9724409 1.1889764 1.0314961 1 P 0
L 1.1889764 1.0314961 1.1929134 1.0354331 1 P 0
L 1.1929134 0.5 1.2519685 0.5 1 P 0
L 1.1929134 1.0354331 1.3149607 1.0354331 1 P 0
L 1.2047244 0.8937008 1.2204724 0.9094488 1 P 0
L 1.2204724 0.9094488 1.2204724 1 1 P 0
L 1.2204724 1 1.2244094 1.003937 1 P 0
L 1.2204725 0.5314961 1.2362205 0.5472441 1 P 0
L 1.2244094 1.003937 1.3740158 1.003937 1 P 0
L 1.2283465 0.2559055 1.2677166 0.2952756 0 P 0
L 1.2519685 0.5 1.2677165 0.515748 1 P 0
L 1.2637795 0.3897638 1.2834646 0.4094489 0 P 0
L 1.2677165 0.9251969 1.2677166 0.9251969 1 P 0
L 1.2677165 0.9566929 1.2834645 0.9724409 1 P 0
L 1.2677166 0.2952756 1.4291339 0.2952756 0 P 0
L 1.2677166 0.9251969 1.2834646 0.9409449 1 P 0
L 1.2795275 0.3740157 1.3149606 0.4094488 0 P 0
L 1.2834645 0.9724409 1.4055117 0.9724409 1 P 0
L 1.2834646 0.2559055 1.3110236 0.2283465 0 P 0
L 1.2834646 0.4094489 1.2834646 0.5275591 0 P 0
L 1.2834646 0.5275591 1.2874016 0.5314961 0 P 0
L 1.2834646 0.9409449 1.4370079 0.9409449 1 P 0
L 1.2874016 0.5314961 1.3464567 0.5314961 0 P 0
L 1.3110236 0.2283465 1.3858268 0.2283465 0 P 0
L 1.3149606 0.4094488 1.3149606 0.496063 0 P 0
L 1.3149606 0.496063 1.3188976 0.5 0 P 0
L 1.3149607 1.0354331 1.3937008 1.1141732 1 P 0
L 1.3188976 0.5 1.3740157 0.5 0 P 0
L 1.3464567 0.5314961 1.3622047 0.5472441 0 P 0
L 1.3543307 0.3582677 1.4094488 0.4133858 0 P 0
L 1.3740157 0.5 1.3779528 0.5039371 0 P 0
L 1.3740158 1.003937 1.3779528 1.007874 1 P 0
L 1.3779528 0.5039371 1.3779528 0.5275591 0 P 0
L 1.3779528 0.5275591 1.3818898 0.5314961 0 P 0
L 1.3779528 1.007874 1.3779528 1.0354331 1 P 0
L 1.3779528 1.0354331 1.4409449 1.0984252 1 P 0
L 1.3818898 0.5314961 1.4094489 0.5314961 0 P 0
L 1.3858268 0.2283465 1.5669291 0.4094488 0 P 0
L 1.3937008 0.7047244 1.4094488 0.6889764 0 P 0
L 1.3937008 1.1141732 1.6338582 1.1141732 1 P 0
L 1.4055117 0.9724409 1.4094488 0.976378 1 P 0
L 1.4094488 0.4133858 1.4094488 0.496063 0 P 0
L 1.4094488 0.496063 1.4133858 0.5 0 P 0
L 1.4094488 0.6614173 1.4094488 0.6889764 0 P 0
L 1.4094488 0.6614173 1.4133858 0.6574803 0 P 0
L 1.4094488 0.976378 1.4094488 1.0472441 1 P 0
L 1.4094488 1.0472441 1.4448819 1.0826772 1 P 0
L 1.4094489 0.3425197 1.4409449 0.3740157 0 P 0
L 1.4094489 0.5314961 1.4251969 0.5472441 0 P 0
L 1.4133858 0.5 1.4370079 0.5 0 P 0
L 1.4133858 0.6574803 1.5944882 0.6574803 0 P 0
L 1.4173229 0.3267717 1.4724409 0.3818897 0 P 0
L 1.4251968 0.3110236 1.503937 0.3897638 0 P 0
L 1.4251969 0.1692913 1.4260078 0.1692913 1 P 0
L 1.4251969 0.4527559 1.4409449 0.4370079 0 P 0
L 1.4251969 0.5787401 1.4251969 0.5787402 0 P 0
L 1.4251969 0.5787401 1.4409449 0.5629921 0 P 0
L 1.4260078 0.1692913 1.5441181 0.2874016 1 P 0
L 1.4291339 0.2952756 1.5354331 0.4015748 0 P 0
L 1.4370079 0.5 1.4409449 0.503937 0 P 0
L 1.4370079 0.9409449 1.4409449 0.9448819 1 P 0
L 1.4409449 0.3740157 1.4409449 0.4370079 0 P 0
L 1.4409449 0.503937 1.4409449 0.5629921 0 P 0
L 1.4409449 0.9448819 1.4409449 1.0590551 1 P 0
L 1.4409449 1.0590551 1.4488189 1.0669291 1 P 0
L 1.4409449 1.0984252 1.6456693 1.0984252 1 P 0
L 1.4448819 1.0826772 1.6574804 1.0826772 1 P 0
L 1.4488189 0.1692913 1.5551182 0.2755906 1 P 0
L 1.4488189 1.0669291 2.515748 1.0669291 1 P 0
L 1.4566929 0.5472441 1.4724409 0.5314961 0 P 0
L 1.4566929 0.8937008 1.4724409 0.9094488 1 P 0
L 1.4566929 1.0511811 1.4724409 1.0354331 1 P 0
L 1.4724409 0.3818897 1.4724409 0.5314961 0 P 0
L 1.4724409 0.7559056 1.4724409 0.8149606 0 P 0
L 1.4724409 0.7559056 1.476378 0.7519685 0 P 0
L 1.4724409 0.8149606 1.488189 0.8307087 0 P 0
L 1.4724409 0.9094488 1.4724409 0.9370078 1 P 0
L 1.4724409 0.9370078 1.476378 0.9409449 1 P 0
L 1.4724409 1.0354331 2.0944882 1.0354331 1 P 0
L 1.476378 0.7519685 1.5314961 0.7519685 0 P 0
L 1.476378 0.9409449 1.6181103 0.9409449 1 P 0
L 1.488189 0.5472441 1.503937 0.5314961 0 P 0
L 1.488189 0.7362204 1.488189 0.7362205 0 P 0
L 1.488189 0.7362204 1.503937 0.7204724 0 P 0
L 1.488189 0.8622047 1.503937 0.8464567 0 P 0
L 1.488189 0.988189 1.503937 0.972441 1 P 0
L 1.488189 1.019685 1.503937 1.003937 1 P 0
L 1.496063 0.1456693 1.496063 0.1464804 1 P 0
L 1.496063 0.1464804 1.5976141 0.2480315 1 P 0
L 1.496063 0.1692913 1.5866142 0.2598425 1 P 0
L 1.503937 0.3897638 1.503937 0.5314961 0 P 0
L 1.503937 0.6929134 1.503937 0.7204724 0 P 0
L 1.503937 0.6929134 1.507874 0.6889764 0 P 0
L 1.503937 0.8188976 1.503937 0.8464567 0 P 0
L 1.503937 0.8188976 1.507874 0.8149606 0 P 0
L 1.503937 0.972441 1.6181102 0.972441 1 P 0
L 1.503937 1.003937 1.6259843 1.003937 1 P 0
L 1.507874 0.6889764 1.6181102 0.6889764 0 P 0
L 1.507874 0.8149606 1.6614174 0.8149606 0 P 0
L 1.519685 0.7677165 1.5354331 0.7834646 0 P 0
L 1.519685 0.8622047 1.535433 0.8464567 0 P 0
L 1.519685 0.9251969 1.5354331 0.9094488 0 P 0
L 1.5314961 0.7519685 1.5354331 0.7480315 0 P 0
L 1.535433 0.8464567 1.6771653 0.8464567 0 P 0
L 1.5354331 0.4015748 1.5354331 0.5944882 0 P 0
L 1.5354331 0.5944882 1.5511811 0.6102362 0 P 0
L 1.5354331 0.7244094 1.5354331 0.7480315 0 P 0
L 1.5354331 0.7244094 1.5393701 0.7204724 0 P 0
L 1.5354331 0.7834646 1.6614173 0.7834646 0 P 0
L 1.5354331 0.8818898 1.5354331 0.9094488 0 P 0
L 1.5354331 0.8818898 1.5393701 0.8779528 0 P 0
L 1.5393701 0.7204724 1.6574803 0.7204724 0 P 0
L 1.5393701 0.8779528 1.6692913 0.8779528 0 P 0
L 1.5441181 0.2874016 2.6510173 0.2874016 1 P 0
L 1.5511811 0.7677165 1.5669291 0.7519685 0 P 0
L 1.5511811 0.9251969 1.5669291 0.9094489 0 P 0
L 1.5551182 0.2755906 2.6574803 0.2755906 1 P 0
L 1.5669291 0.4094488 1.5669291 0.6259843 0 P 0
L 1.5669291 0.6259843 1.5669292 0.6259843 0 P 0
L 1.5669291 0.7519685 1.6456693 0.7519685 0 P 0
L 1.5669291 0.9094488 1.5669291 0.9094489 0 P 0
L 1.5669291 0.9094488 1.6614173 0.9094488 0 P 0
L 1.5669292 0.6259843 1.5826772 0.6417323 0 P 0
L 1.5866142 0.2598425 2.6692913 0.2598425 1 P 0
L 1.5944882 0.6574803 1.5984252 0.6535433 0 P 0
L 1.5976141 0.2480315 2.6771654 0.2480315 1 P 0
L 1.5984252 0.4291339 1.5984252 0.6535433 0 P 0
L 1.5984252 0.4291339 1.6811024 0.3464567 0 P 0
L -1.6104625 0.7999935 -1.6104625 0.8199871 5 P 0 ;2,3=0,4=0.000000
L -1.6104625 0.8199871 -1.630456 0.8399806 5 P 0 ;2,3=0,4=0.000000
L 1.6181102 0.6889764 1.6338583 0.6732283 0 P 0
L 1.6181102 0.972441 1.6338583 0.9566929 1 P 0
L 1.6181103 0.9409449 1.6338583 0.9251969 1 P 0
L 1.6259843 1.003937 1.6417323 0.988189 1 P 0
L -1.630456 0.78 -1.6104625 0.7999935 5 P 0 ;2,3=0,4=0.000000
L 1.6338582 1.1141732 1.6653543 1.1456693 1 P 0
L 1.6338583 0.4173228 1.6338583 0.6732283 0 P 0
L 1.6338583 0.4173228 1.6929134 0.3582677 0 P 0
L 1.6338583 0.9251969 1.6692913 0.9251969 1 P 0
L 1.6338583 0.9566929 1.7204724 0.9566929 1 P 0
L 1.6417323 0.988189 1.7086614 0.988189 1 P 0
L 1.6456693 0.7047244 1.6496063 0.7007874 0 P 0
L 1.6456693 0.7519685 1.6850394 0.7125984 0 P 0
L 1.6456693 0.7677165 1.6496063 0.7677165 0 P 0
L 1.6456693 1.0984252 1.6771654 1.1299213 1 P 0
L 1.6496063 0.4251969 1.6496063 0.7007874 0 P 0
L 1.6496063 0.4251969 1.7047245 0.3700787 0 P 0
L 1.6496063 0.7677165 1.7007874 0.7165354 0 P 0
L 1.6574803 0.7204724 1.6692913 0.7086614 0 P 0
L 1.6574803 1.019685 1.7677166 1.019685 1 P 0
L 1.6574804 1.0826772 1.6771654 1.1023622 1 P 0
L 1.6614173 0.7834646 1.7165354 0.7283465 0 P 0
L 1.6614173 0.9094488 1.996063 0.5748031 0 P 0
L 1.6614174 0.8149606 1.7322835 0.7440945 0 P 0
L 1.6653543 1.1456693 2.2755906 1.1456693 1 P 0
L 1.6692913 0.4291339 1.6692913 0.7086614 0 P 0
L 1.6692913 0.4291339 1.7165354 0.3818898 0 P 0
L 1.6692913 0.8779528 1.992126 0.5551181 0 P 0
L 1.6692913 0.9251969 1.7204725 0.8740157 1 P 0
L -1.6704431 0.8199871 -1.6604463 0.8199871 5 P 0 ;2,3=0,4=0.000000
L 1.6771653 0.8464567 1.7480314 0.7755906 0 P 0
L 1.6771654 1.1023622 2.2795276 1.1023622 1 P 0
L 1.6771654 1.1299213 2.2637795 1.1299213 1 P 0
L -1.6804398 0.8099903 -1.6704431 0.8199871 5 P 0 ;2,3=0,4=0.000000
L 1.6811024 0.3464567 2.0984252 0.3464567 0 P 0
L 1.6850394 0.4370078 1.6850394 0.7125984 0 P 0
L 1.6850394 0.4370078 1.7283464 0.3937008 0 P 0
L -1.6904366 0.78 -1.6904366 0.7999935 5 P 0 ;2,3=0,4=0.000000
L -1.6904366 0.7999935 -1.6804398 0.8099903 5 P 0 ;2,3=0,4=0.000000
L -1.6904366 0.8199871 -1.6904366 0.78 5 P 0 ;2,3=0,4=0.000000
L 1.6929134 0.3582677 2.1259843 0.3582677 0 P 0
L 1.7007874 0.4448819 1.7007874 0.7165354 0 P 0
L 1.7007874 0.4448819 1.7401575 0.4055118 0 P 0
L 1.7047245 0.3700787 2.1535434 0.3700787 0 P 0
L 1.7086614 0.988189 1.7244094 0.972441 1 P 0
L -1.7104301 0.7999935 -1.7504172 0.7999935 5 P 0 ;2,3=0,4=0.000000
L -1.7104301 0.8099903 -1.7104301 0.7999935 5 P 0 ;2,3=0,4=0.000000
L 1.7165354 0.3818898 2.2598425 0.3818898 0 P 0
L 1.7165354 0.484252 1.7165354 0.7283465 0 P 0
L 1.7165354 0.484252 1.7519685 0.4488189 0 P 0
L -1.7204269 0.78 -1.7404204 0.78 5 P 0 ;2,3=0,4=0.000000
L -1.7204269 0.8199871 -1.7104301 0.8099903 5 P 0 ;2,3=0,4=0.000000
L 1.7204724 0.9566929 1.7480314 0.9291339 1 P 0
L 1.7204725 0.8740157 1.8661418 0.8740157 1 P 0
L 1.7244094 0.972441 1.996063 0.972441 1 P 0
L 1.7283464 0.3937008 2.2755905 0.3937008 0 P 0
L 1.7322835 0.2283465 1.7362205 0.2283465 0 P 0
L 1.7322835 0.2283465 1.7559056 0.2047244 0 P 0
L 1.7322835 0.496063 1.7322835 0.7440945 0 P 0
L 1.7322835 0.496063 1.7519685 0.476378 0 P 0
L 1.7401575 0.4055118 2.3307087 0.4055118 0 P 0
L -1.7404204 0.78 -1.7504172 0.7899968 5 P 0 ;2,3=0,4=0.000000
L -1.7404204 0.8199871 -1.7204269 0.8199871 5 P 0 ;2,3=0,4=0.000000
L 1.7480314 0.6614174 1.7480314 0.7755906 0 P 0
L 1.7480314 0.6614174 1.9015748 0.507874 0 P 0
L 1.7480314 0.9291339 2.003937 0.9291339 1 P 0
L -1.7504172 0.7899968 -1.7504172 0.8099903 5 P 0 ;2,3=0,4=0.000000
L -1.7504172 0.8099903 -1.7404204 0.8199871 5 P 0 ;2,3=0,4=0.000000
L 1.7519685 0.4488189 1.8622047 0.4488189 0 P 0
L 1.7519685 0.476378 1.8700787 0.476378 0 P 0
L 1.7559056 0.2047244 1.9409449 0.2047244 0 P 0
L 1.7677166 1.019685 1.7913386 0.996063 1 P 0
L -1.7704107 0.7899968 -1.7804075 0.78 5 P 0 ;2,3=0,4=0.000000
L -1.7704107 0.8099903 -1.7704107 0.7899968 5 P 0 ;2,3=0,4=0.000000
L -1.7804075 0.78 -1.8103978 0.78 5 P 0 ;2,3=0,4=0.000000
L -1.7804075 0.8199871 -1.7704107 0.8099903 5 P 0 ;2,3=0,4=0.000000
L 1.7913386 0.996063 2.0787401 0.996063 1 P 0
L -1.8103978 0.7600065 -1.8103978 0.8199871 5 P 0 ;2,3=0,4=0.000000
L -1.8103978 0.8199871 -1.7804075 0.8199871 5 P 0 ;2,3=0,4=0.000000
L -1.8303913 0.7899968 -1.8403881 0.78 5 P 0 ;2,3=0,4=0.000000
L -1.8303913 0.8099903 -1.8303913 0.7899968 5 P 0 ;2,3=0,4=0.000000
L -1.8403881 0.78 -1.8703784 0.78 5 P 0 ;2,3=0,4=0.000000
L -1.8403881 0.8199871 -1.8303913 0.8099903 5 P 0 ;2,3=0,4=0.000000
L 1.8622047 0.4488189 1.8937008 0.4173228 0 P 0
L 1.8661418 0.8740157 2.1496063 0.5905512 1 P 0
L 1.8700787 0.476378 1.9173228 0.4291339 0 P 0
L -1.8703784 0.7600065 -1.8703784 0.8199871 5 P 0 ;2,3=0,4=0.000000
L -1.8703784 0.8199871 -1.8403881 0.8199871 5 P 0 ;2,3=0,4=0.000000
L -1.8903719 0.7899968 -1.8903719 0.8099903 5 P 0 ;2,3=0,4=0.000000
L -1.8903719 0.8099903 -1.9003687 0.8199871 5 P 0 ;2,3=0,4=0.000000
L 1.8937008 0.4173228 2.3582678 0.4173228 0 P 0
L -1.9003687 0.78 -1.8903719 0.7899968 5 P 0 ;2,3=0,4=0.000000
L -1.9003687 0.8199871 -1.9203622 0.8199871 5 P 0 ;2,3=0,4=0.000000
L 1.9015748 0.507874 2.2204724 0.507874 0 P 0
L 1.9173228 0.4291339 2.3700787 0.4291339 0 P 0
L -1.9203622 0.78 -1.9003687 0.78 5 P 0 ;2,3=0,4=0.000000
L -1.9203622 0.8199871 -1.930359 0.8099903 5 P 0 ;2,3=0,4=0.000000
L -1.930359 0.7899968 -1.9203622 0.78 5 P 0 ;2,3=0,4=0.000000
L -1.930359 0.8099903 -1.930359 0.7899968 5 P 0 ;2,3=0,4=0.000000
L 1.9409449 0.2047244 1.9606299 0.2244094 0 P 0
L -1.9503525 0.8299838 -1.9603493 0.8399806 5 P 0 ;2,3=0,4=0.000000
L -1.9603493 0.78 -1.9503525 0.7899968 5 P 0 ;2,3=0,4=0.000000
L -1.9603493 0.8399806 -1.9803428 0.8399806 5 P 0 ;2,3=0,4=0.000000
L 1.9606299 0.2244094 2.0944882 0.2244094 0 P 0
L -1.9803428 0.78 -1.9603493 0.78 5 P 0 ;2,3=0,4=0.000000
L -1.9803428 0.8399806 -1.9903396 0.8299838 5 P 0 ;2,3=0,4=0.000000
L -1.9903396 0.7899968 -1.9803428 0.78 5 P 0 ;2,3=0,4=0.000000
L -1.9903396 0.8299838 -1.9903396 0.7899968 5 P 0 ;2,3=0,4=0.000000
L 1.992126 0.5551181 2.3622046 0.5551181 0 P 0
L 1.996063 0.5748031 2.3779528 0.5748031 0 P 0
L 1.996063 0.972441 2.0433071 0.9251969 1 P 0
L 2.003937 0.9291339 2.0866142 0.8464567 1 P 0
L -2.0203299 0.78 -2.0403234 0.7999935 5 P 0 ;2,3=0,4=0.000000
L -2.0403234 0.7999935 -2.0403234 0.8199871 5 P 0 ;2,3=0,4=0.000000
L -2.0403234 0.8199871 -2.0203299 0.8399806 5 P 0 ;2,3=0,4=0.000000
L 2.0433071 0.9251969 2.1259842 0.9251969 1 P 0
L 2.0787401 0.996063 2.2125984 0.8622047 1 P 0
L 2.0866142 0.6889764 2.0866142 0.8464567 1 P 0
L 2.0866142 0.6889764 2.1338583 0.6417323 1 P 0
L 2.0944882 0.2244094 2.1141732 0.2047244 0 P 0
L 2.0944882 1.0354331 2.2007874 0.9291339 1 P 0
L 2.0984252 0.3464567 2.1141732 0.3307087 0 P 0
L 2.1259842 0.9251969 2.2086614 0.8425197 1 P 0
L 2.1259843 0.3582677 2.1535433 0.3307087 0 P 0
L -2.1302943 0.78 -2.140291 0.78 5 P 0 ;2,3=0,4=0.000000
L 2.1338583 0.6417323 2.4291339 0.6417323 1 P 0
L -2.140291 0.78 -2.140291 0.8399806 5 P 0 ;2,3=0,4=0.000000
L -2.140291 0.8399806 -2.1502878 0.8399806 5 P 0 ;2,3=0,4=0.000000
L 2.1496063 0.5905512 2.5551181 0.5905512 1 P 0
L -2.1502878 0.78 -2.1302943 0.78 5 P 0 ;2,3=0,4=0.000000
L 2.1535434 0.3700787 2.1929134 0.3307087 0 P 0
L -2.1702813 0.78 -2.2002716 0.78 5 P 0 ;2,3=0,4=0.000000
L -2.1702813 0.8099903 -2.1702813 0.78 5 P 0 ;2,3=0,4=0.000000
L -2.1802781 0.8199871 -2.1702813 0.8099903 5 P 0 ;2,3=0,4=0.000000
L -2.2002716 0.78 -2.2102684 0.7899968 5 P 0 ;2,3=0,4=0.000000
L -2.2002716 0.7999935 -2.1702813 0.7999935 5 P 0 ;2,3=0,4=0.000000
L -2.2002716 0.8199871 -2.1802781 0.8199871 5 P 0 ;2,3=0,4=0.000000
L 2.2007874 0.9291339 2.3464566 0.9291339 1 P 0
L 2.2086614 0.8425197 2.2855199 0.8425197 1 P 0
L -2.2102684 0.7899968 -2.2002716 0.7999935 5 P 0 ;2,3=0,4=0.000000
L 2.2125984 0.8622047 2.3897638 0.8622047 1 P 0
L 2.2204724 0.507874 2.2677165 0.4606299 0 P 0
L -2.2302619 0.8099903 -2.2302619 0.78 5 P 0 ;2,3=0,4=0.000000
L -2.2402587 0.8199871 -2.2302619 0.8099903 5 P 0 ;2,3=0,4=0.000000
L 2.2598425 0.3818898 2.2913386 0.3503937 0 P 0
L 2.2637795 1.1299213 2.2810256 1.1126752 1 P 0
L 2.2677165 0.4606299 2.3661418 0.4606299 0 P 0
L -2.270249 0.78 -2.270249 0.8199871 5 P 0 ;2,3=0,4=0.000000
L -2.270249 0.8199871 -2.2402587 0.8199871 5 P 0 ;2,3=0,4=0.000000
L 2.2755905 0.3937008 2.3188976 0.3503937 0 P 0
L 2.2755906 1.1456693 2.2834646 1.1535433 1 P 0
L 2.2795276 1.1023622 2.2992126 1.0826772 1 P 0
L 2.2810256 1.1126752 3.0487421 1.1126752 1 P 0
L 2.2834646 1.1535433 2.5275591 1.1535433 1 P 0
L 2.2855199 0.8425197 2.4705593 0.6574803 1 P 0
L -2.2902425 0.7700032 -2.2902425 0.8199871 5 P 0 ;2,3=0,4=0.000000
L -2.2902425 0.8199871 -2.3202328 0.8199871 5 P 0 ;2,3=0,4=0.000000
L 2.2913386 0.3307087 2.2913386 0.3503937 0 P 0
L 2.2992126 1.0826772 2.523622 1.0826772 1 P 0
L -2.3002393 0.7600065 -2.2902425 0.7700032 5 P 0 ;2,3=0,4=0.000000
L -2.3102361 0.7600065 -2.3002393 0.7600065 5 P 0 ;2,3=0,4=0.000000
L 2.3188976 0.3307087 2.3188976 0.3503937 0 P 0
L -2.3202328 0.78 -2.2902425 0.78 5 P 0 ;2,3=0,4=0.000000
L -2.3202328 0.8199871 -2.3302296 0.8099903 5 P 0 ;2,3=0,4=0.000000
L -2.3302296 0.7899968 -2.3202328 0.78 5 P 0 ;2,3=0,4=0.000000
L -2.3302296 0.8099903 -2.3302296 0.7899968 5 P 0 ;2,3=0,4=0.000000
L 2.3307087 0.4055118 2.4055118 0.3307087 0 P 0
L 2.3464566 0.9291339 2.515748 0.7598425 1 P 0
L 2.3582678 0.4173228 2.4448819 0.3307087 0 P 0
L -2.3602199 0.78 -2.3702166 0.78 5 P 0 ;2,3=0,4=0.000000
L 2.3622046 0.5551181 2.4724409 0.4448819 0 P 0
L 2.3661418 0.4606299 2.4370079 0.3897638 0 P 0
L 2.3700787 0.4291339 2.4330709 0.3661417 0 P 0
L -2.3702166 0.78 -2.3702166 0.8199871 5 P 0 ;2,3=0,4=0.000000
L -2.3702166 0.8199871 -2.3802134 0.8199871 5 P 0 ;2,3=0,4=0.000000
L 2.3779528 0.5748031 2.4527559 0.5 0 P 0
L -2.3802134 0.78 -2.3602199 0.78 5 P 0 ;2,3=0,4=0.000000
L 2.3897638 0.8622047 2.523622 0.7283465 1 P 0
L -2.4002069 0.7899968 -2.4102037 0.78 5 P 0 ;2,3=0,4=0.000000
L -2.4002069 0.7999935 -2.4002069 0.7899968 5 P 0 ;2,3=0,4=0.000000
L -2.4002069 0.8299838 -2.4102037 0.8399806 5 P 0 ;2,3=0,4=0.000000
L -2.4102037 0.78 -2.4301972 0.78 5 P 0 ;2,3=0,4=0.000000
L -2.4102037 0.8099903 -2.4002069 0.7999935 5 P 0 ;2,3=0,4=0.000000
L -2.4102037 0.8399806 -2.4301972 0.8399806 5 P 0 ;2,3=0,4=0.000000
L 2.4291339 0.6417323 2.4330709 0.6377953 1 P 0
L -2.4301972 0.78 -2.440194 0.7899968 5 P 0 ;2,3=0,4=0.000000
L -2.4301972 0.8099903 -2.4102037 0.8099903 5 P 0 ;2,3=0,4=0.000000
L -2.4301972 0.8399806 -2.440194 0.8299838 5 P 0 ;2,3=0,4=0.000000
L 2.4330709 0.3661417 2.5669291 0.3661417 0 P 0
L 2.4330709 0.6102362 2.4330709 0.6377953 1 P 0
L 2.4330709 0.6102362 2.4370079 0.6062992 1 P 0
L 2.4370079 0.3897638 2.5748031 0.3897638 0 P 0
L 2.4370079 0.6062992 2.4448819 0.6062992 1 P 0
L -2.440194 0.8199871 -2.4301972 0.8099903 5 P 0 ;2,3=0,4=0.000000
L -2.440194 0.8299838 -2.440194 0.8199871 5 P 0 ;2,3=0,4=0.000000
L 2.4448819 0.6062992 2.4488189 0.6102362 1 P 0
L 2.4488189 0.6102362 2.4488189 0.6220472 1 P 0
L 2.4488189 0.6220472 2.4527559 0.6259842 1 P 0
L 2.4527559 0.5 2.492126 0.5 0 P 0
L 2.4527559 0.6259842 2.4527559 0.6259843 1 P 0
L 2.4527559 0.6259843 2.4645669 0.6259843 1 P 0
L 2.4645669 0.6259842 2.4645669 0.6259843 1 P 0
L 2.4645669 0.6259842 2.4685039 0.6220472 1 P 0
L 2.4685039 0.6102362 2.4685039 0.6220472 1 P 0
L 2.4685039 0.6102362 2.4724409 0.6062992 1 P 0
L 2.4705593 0.6574803 2.5511812 0.6574803 1 P 0
L 2.4724409 0.4448819 2.4842519 0.4330709 0 P 0
L 2.4724409 0.6062992 2.484252 0.6062992 1 P 0
L 2.4842519 0.4330709 2.523622 0.4330709 0 P 0
L 2.484252 0.6062992 2.492126 0.6141732 1 P 0
L 2.492126 0.5 2.5590551 0.4330709 0 P 0
L 2.492126 0.6141732 2.5275591 0.6141732 1 P 0
L 2.515748 0.7598425 2.5511811 0.7598425 1 P 0
L 2.515748 1.0669291 2.547244 1.0354331 1 P 0
L 2.523622 0.6889764 2.523622 0.7283465 1 P 0
L 2.523622 0.6889764 2.527559 0.6850394 1 P 0
L 2.523622 1.0826772 2.5551181 1.0511811 1 P 0
L 2.527559 0.6850394 2.5275591 0.6850394 1 P 0
L 2.5275591 0.6850394 2.5393702 0.6732283 1 P 0
L 2.5275591 1.1535433 2.5551181 1.1259843 1 P 0
L 2.5393702 0.6732283 2.5708661 0.6732283 1 P 0
L 2.547244 1.0354331 2.6259842 1.0354331 1 P 0
L 2.5511811 0.5354331 2.5708662 0.515748 5 P 0
L 2.5511811 0.7598425 2.5629921 0.7716535 1 P 0
L 2.5511812 0.6574803 2.6299213 0.5787402 1 P 0
L 2.5551181 0.5905512 2.5826772 0.5629921 1 P 0
L 2.5551181 1.0511811 2.6141732 1.0511811 1 P 0
L 2.5551181 1.1259843 3.055118 1.1259843 1 P 0
L -2.5601552 0.8099903 -2.5201681 0.8099903 5 P 0 ;2,3=0,4=0.000000
L 2.5629921 0.7716535 2.5866142 0.7716535 1 P 0
L 2.5708662 0.515748 2.6614173 0.515748 5 P 0
L 2.5826772 0.5629921 2.6889764 0.5629921 1 P 0
L 2.5866142 0.7716535 2.6377953 0.7204724 1 P 0
L 2.6062992 0.9173228 2.6062992 0.988189 1 P 0
L 2.6062992 0.9173228 2.6141732 0.9094488 1 P 0
L 2.6141732 0.9094488 2.8110236 0.9094488 1 P 0
L 2.6141732 1.0511811 2.6614173 1.0984252 1 P 0
L 2.6259842 1.0354331 2.6771653 1.0866142 1 P 0
L 2.6299213 0.5787402 2.6692913 0.5787402 1 P 0
L 2.6377953 0.6535432 2.6377953 0.7204724 1 P 0
L 2.6377953 0.6535432 2.6968503 0.5944882 1 P 0
L -2.6401293 0.7899968 -2.6501261 0.78 5 P 0 ;2,3=0,4=0.000000
L -2.6401293 0.7999935 -2.6401293 0.7899968 5 P 0 ;2,3=0,4=0.000000
L -2.6401293 0.8199871 -2.6501261 0.8099903 5 P 0 ;2,3=0,4=0.000000
L -2.6401293 0.8299838 -2.6401293 0.8199871 5 P 0 ;2,3=0,4=0.000000
L 2.6456693 0.9330709 2.6456693 0.988189 1 P 0
L 2.6456693 0.9330709 2.6535433 0.9251969 1 P 0
L -2.6501261 0.78 -2.6701196 0.78 5 P 0 ;2,3=0,4=0.000000
L -2.6501261 0.8099903 -2.6401293 0.7999935 5 P 0 ;2,3=0,4=0.000000
L -2.6501261 0.8099903 -2.6601229 0.8099903 5 P 0 ;2,3=0,4=0.000000
L -2.6501261 0.8399806 -2.6401293 0.8299838 5 P 0 ;2,3=0,4=0.000000
L 2.6510173 0.2874016 2.6785763 0.3149606 1 P 0
L 2.6535433 0.9251969 2.8149606 0.9251969 1 P 0
L 2.6574803 0.2755906 2.6850393 0.3031496 1 P 0
L -2.6601229 0.8099903 -2.6501261 0.8099903 5 P 0 ;2,3=0,4=0.000000
L 2.6614173 0.515748 2.6870079 0.5413386 5 P 0
L 2.6614173 1.0984252 3.043307 1.0984252 1 P 0
L 2.6692913 0.2598425 2.6968504 0.2874016 1 P 0
L -2.6701196 0.78 -2.6801164 0.7899968 5 P 0 ;2,3=0,4=0.000000
L -2.6701196 0.8399806 -2.6501261 0.8399806 5 P 0 ;2,3=0,4=0.000000
L 2.6771653 1.0866142 3.035433 1.0866142 1 P 0
L 2.6771654 0.2480315 2.7047245 0.2755906 1 P 0
L 2.6785763 0.3149606 2.7716535 0.3149606 1 P 0
L -2.6801164 0.8299838 -2.6701196 0.8399806 5 P 0 ;2,3=0,4=0.000000
L 2.6850393 0.3031496 2.7795275 0.3031496 1 P 0
L 2.6870079 0.5413386 2.8051181 0.5413386 4 P 0
L 2.6889764 0.5629921 2.7047244 0.5787402 1 P 0
L 2.6968503 0.5944882 2.7244094 0.5944882 1 P 0
L 2.6968504 0.2874016 2.8661418 0.2874016 1 P 0
L 2.7047245 0.2755906 2.8740158 0.2755906 1 P 0
L 2.7204724 0.8740157 2.7795276 0.8740157 3 P 0
L 2.7637795 0.5826772 2.7637795 0.6535433 2 P 0
L 2.7637795 0.6535433 2.9133858 0.8031496 2 P 0
L 2.7716535 0.3149606 2.8425197 0.3858268 1 P 0
L 2.7795275 0.3031496 2.8700787 0.3937008 1 P 0
L 2.7795276 0.8740157 2.8346457 0.8188976 3 P 0
L -2.7800841 0.8199871 -2.7700873 0.8199871 5 P 0 ;2,3=0,4=0.000000
L -2.7900808 0.8099903 -2.7800841 0.8199871 5 P 0 ;2,3=0,4=0.000000
L -2.8000776 0.78 -2.8000776 0.7999935 5 P 0 ;2,3=0,4=0.000000
L -2.8000776 0.7999935 -2.7900808 0.8099903 5 P 0 ;2,3=0,4=0.000000
L -2.8000776 0.8199871 -2.8000776 0.78 5 P 0 ;2,3=0,4=0.000000
L 2.8051181 0.5413386 2.8070866 0.5393701 4 P 0
L 2.8110236 0.5748032 2.8110236 0.5984252 2 P 0
L 2.8110236 0.5748032 2.8307087 0.5551181 2 P 0
L 2.8110236 0.5984252 2.9212598 0.7086614 2 P 0
L 2.8110236 0.9094488 2.8385827 0.8818897 1 P 0
L 2.8149606 0.9251969 2.8582677 0.8818898 1 P 0
L -2.8200711 0.7999935 -2.8600582 0.7999935 5 P 0 ;2,3=0,4=0.000000
L -2.8200711 0.8099903 -2.8200711 0.7999935 5 P 0 ;2,3=0,4=0.000000
L -2.8300679 0.78 -2.8500614 0.78 5 P 0 ;2,3=0,4=0.000000
L -2.8300679 0.8199871 -2.8200711 0.8099903 5 P 0 ;2,3=0,4=0.000000
L 2.8307087 0.5826772 2.8385827 0.5905512 2 P 0
L 2.8346457 0.8188976 2.8897638 0.8188976 3 P 0
L 2.8385827 0.5905512 2.9251968 0.5905512 2 P 0
L 2.8385827 0.8582677 2.8385827 0.8818897 1 P 0
L 2.8385827 1.003937 2.8385827 1.0344489 2 P 0
L 2.8385827 1.003937 2.9133858 0.9291339 2 P 0
L 2.8425197 0.3858268 2.8425197 0.4133858 1 P 0
L -2.8500614 0.78 -2.8600582 0.7899968 5 P 0 ;2,3=0,4=0.000000
L -2.8500614 0.8199871 -2.8300679 0.8199871 5 P 0 ;2,3=0,4=0.000000
L 2.8582677 0.8425197 2.8582677 0.8818898 1 P 0
L -2.8600582 0.7899968 -2.8600582 0.8099903 5 P 0 ;2,3=0,4=0.000000
L -2.8600582 0.8099903 -2.8500614 0.8199871 5 P 0 ;2,3=0,4=0.000000
L 2.8661418 0.2874016 2.9606299 0.3818897 1 P 0
L 2.8700787 0.3937008 2.8818898 0.3937008 1 P 0
L 2.8740158 0.2755906 2.992126 0.3937008 1 P 0
L -2.8800517 0.7700032 -2.8900485 0.7600065 5 P 0 ;2,3=0,4=0.000000
L -2.8800517 0.78 -2.8800517 0.7700032 5 P 0 ;2,3=0,4=0.000000
L -2.8800517 0.78 -2.8800517 0.8199871 5 P 0 ;2,3=0,4=0.000000
L -2.8900485 0.7600065 -2.9000453 0.7600065 5 P 0 ;2,3=0,4=0.000000
L -2.910042 0.78 -2.8800517 0.78 5 P 0 ;2,3=0,4=0.000000
L 2.9133858 0.8031496 2.9133858 0.9291339 2 P 0
L -2.9200388 0.7899968 -2.910042 0.78 5 P 0 ;2,3=0,4=0.000000
L -2.9200388 0.8199871 -2.9200388 0.7899968 5 P 0 ;2,3=0,4=0.000000
L 2.9212598 0.7086614 2.9212598 0.7874015 2 P 0
L 2.9212598 0.7874015 2.9370079 0.8031496 2 P 0
L 2.9251968 0.5905512 2.996063 0.6614174 2 P 0
L 2.9370079 0.8031496 2.9370079 1.0344489 2 P 0
L -2.9400323 0.78 -2.9700226 0.78 5 P 0 ;2,3=0,4=0.000000
L -2.9400323 0.8099903 -2.9400323 0.78 5 P 0 ;2,3=0,4=0.000000
L -2.9500291 0.8199871 -2.9400323 0.8099903 5 P 0 ;2,3=0,4=0.000000
L 2.9606299 0.3818897 2.9606299 0.4133858 1 P 0
L -2.9700226 0.78 -2.9800194 0.7899968 5 P 0 ;2,3=0,4=0.000000
L -2.9700226 0.7999935 -2.9400323 0.7999935 5 P 0 ;2,3=0,4=0.000000
L -2.9700226 0.8199871 -2.9500291 0.8199871 5 P 0 ;2,3=0,4=0.000000
L -2.9800194 0.7899968 -2.9700226 0.7999935 5 P 0 ;2,3=0,4=0.000000
L 2.992126 0.3937008 3.003937 0.3937008 1 P 0
L 2.996063 0.6614174 2.996063 0.956693 2 P 0
L 2.996063 0.956693 3.0354331 0.9960631 2 P 0
L 3.035433 1.0866142 3.0590551 1.0629921 1 P 0
L 3.0354331 0.9960631 3.0354331 1.0344489 2 P 0
L -3.04 0.78 -3.0000129 0.78 5 P 0 ;2,3=0,4=0.000000
L -3.04 0.8399806 -3.04 0.78 5 P 0 ;2,3=0,4=0.000000
L 3.043307 1.0984252 3.0748031 1.0669291 1 P 0
L 3.0487421 1.1126752 3.0944882 1.0669291 1 P 0
L 3.055118 1.1259843 3.1062992 1.0748031 1 P 0
L 3.0590551 0.3937008 3.0590551 1.0629921 1 P 0
L 3.0748031 0.6062992 3.0748031 1.0669291 1 P 0
L 3.0944882 0.3307087 3.0944882 1.0669291 1 P 0
L 3.1062992 0.5944882 3.1062992 1.0748031 1 P 0
L 3.1062992 0.5944882 3.1299213 0.5708661 1 P 0
P 0.2992126 0.5 7 P 0 0 ;0=1,1=1
P 0.31 0.3149999 9 P 0 0 ;0=3,1=1
P 0.31 0.315 9 P 0 0 ;0=3,1=1
P 0.31 0.3649999 9 P 0 0 ;0=3,1=1
P 0.31 0.365 9 P 0 0 ;0=3,1=1
P 0.36 0.3149999 9 P 0 0 ;0=3,1=1
P 0.36 0.315 9 P 0 0 ;0=3,1=1
P 0.36 0.3649999 9 P 0 0 ;0=3,1=1
P 0.36 0.365 9 P 0 0 ;0=3,1=1
P 0.4055118 0.4527559 7 P 0 0 ;0=1,1=1
P 0.4370079 0.4527559 7 P 0 0 ;0=1,1=1
P 0.5 0.7677165 7 P 0 0 ;0=1,1=1
P 0.5 0.8307087 9 P 0 0 ;0=3,1=1
P 0.5314961 0.6102362 7 P 0 0 ;0=1,1=1
P 0.5314961 0.7362205 7 P 0 0 ;0=1,1=1
P 0.5314961 0.988189 7 P 0 0 ;0=1,1=1
P 0.5314961 1.0511811 7 P 0 0 ;0=1,1=1
P 0.5551181 0.4173228 7 P 0 0 ;0=1,1=1
P 0.5629921 0.6102362 9 P 0 0 ;0=3,1=1
P 0.5629921 0.7362205 9 P 0 0 ;0=3,1=1
P 0.5629921 0.9251969 7 P 0 0 ;0=1,1=1
P 0.5629921 0.988189 7 P 0 0 ;0=1,1=1
P 0.5629921 1.019685 7 P 0 0 ;0=1,1=1
P 0.5629921 1.0511811 7 P 0 0 ;0=1,1=1
P 0.6102362 0.8149606 8 P 0 0 ;0=2,1=1
P 0.6574803 0.7677165 9 P 0 0 ;0=3,1=1
P 0.6889764 0.8307087 7 P 0 0 ;0=1,1=1
P 0.7204724 0.6417323 9 P 0 0 ;0=3,1=1
P 0.7204724 0.6732283 9 P 0 0 ;0=3,1=1
P 0.7204724 0.8937008 7 P 0 0 ;0=1,1=1
P 0.7755906 0.1574803 7 P 0 0 ;0=1,1=1
P 0.7834646 0.6417323 7 P 0 0 ;0=1,1=1
P 0.7874016 0.2559055 7 P 0 0 ;0=1,1=1
P 0.7874016 0.4685039 7 P 0 0 ;0=1,1=1
P 0.8110236 0.3031496 7 P 0 0 ;0=1,1=1
P 0.8149606 0.7362205 7 P 0 0 ;0=1,1=1
P 0.8464567 0.5787402 7 P 0 0 ;0=1,1=1
P 0.8464567 0.7677165 7 P 0 0 ;0=1,1=1
P 0.9173228 0.1259843 7 P 0 0 ;0=1,1=1
P 0.9527559 0.6732283 7 P 0 0 ;0=1,1=1
P 0.9645669 0.1574803 7 P 0 0 ;0=1,1=1
P 0.9645669 0.2047244 7 P 0 0 ;0=1,1=1
P 0.984252 0.8307087 7 P 0 0 ;0=1,1=1
P 0.984252 0.9251969 7 P 0 0 ;0=1,1=1
P 0.984252 0.9566929 7 P 0 0 ;0=1,1=1
P 0.984252 1.019685 7 P 0 0 ;0=1,1=1
P 0.988189 0.1259843 7 P 0 0 ;0=1,1=1
P 1.015748 0.9251969 7 P 0 0 ;0=1,1=1
P 1.015748 1.0511811 7 P 0 0 ;0=1,1=1
P 1.0787402 0.6732283 7 P 0 0 ;0=1,1=1
P 1.0787402 0.7677165 7 P 0 0 ;0=1,1=1
P 1.0787402 0.7992126 7 P 0 0 ;0=1,1=1
P 1.0787402 0.8622047 7 P 0 0 ;0=1,1=1
P 1.0787402 1.0511811 7 P 0 0 ;0=1,1=1
P 1.1102362 0.484252 7 P 0 0 ;0=1,1=1
P 1.1102362 0.6102362 7 P 0 0 ;0=1,1=1
P 1.1102362 0.6732284 7 P 0 0 ;0=1,1=1
P 1.1102362 0.7047244 7 P 0 0 ;0=1,1=1
P 1.1102362 0.8937008 7 P 0 0 ;0=1,1=1
P 1.1259843 1.0787402 7 P 0 0 ;0=1,1=1
P 1.1732283 0.484252 7 P 0 0 ;0=1,1=1
P 1.1732283 0.515748 7 P 0 0 ;0=1,1=1
P 1.1732283 0.9251969 7 P 0 0 ;0=1,1=1
P 1.1732283 0.9566929 7 P 0 0 ;0=1,1=1
P 1.2047244 0.8937008 7 P 0 0 ;0=1,1=1
P 1.2283465 0.2559055 7 P 0 0 ;0=1,1=1
P 1.2362205 0.4527559 7 P 0 0 ;0=1,1=1
P 1.2362205 0.5472441 7 P 0 0 ;0=1,1=1
P 1.2677165 0.515748 7 P 0 0 ;0=1,1=1
P 1.2677165 0.9251969 7 P 0 0 ;0=1,1=1
P 1.2677165 0.9566929 7 P 0 0 ;0=1,1=1
P 1.2834646 0.2559055 7 P 0 0 ;0=1,1=1
P 1.3622047 0.5472441 7 P 0 0 ;0=1,1=1
P 1.3937008 0.7047244 7 P 0 0 ;0=1,1=1
P 1.4251969 0.1692913 7 P 0 0 ;0=1,1=1
P 1.4251969 0.4527559 7 P 0 0 ;0=1,1=1
P 1.4251969 0.5472441 7 P 0 0 ;0=1,1=1
P 1.4251969 0.5787402 7 P 0 0 ;0=1,1=1
P 1.4488189 0.1692913 7 P 0 0 ;0=1,1=1
P 1.4566929 0.5472441 7 P 0 0 ;0=1,1=1
P 1.4566929 0.8937008 7 P 0 0 ;0=1,1=1
P 1.4566929 1.0511811 7 P 0 0 ;0=1,1=1
P 1.488189 0.5472441 7 P 0 0 ;0=1,1=1
P 1.488189 0.7362205 7 P 0 0 ;0=1,1=1
P 1.488189 0.8307087 7 P 0 0 ;0=1,1=1
P 1.488189 0.8622047 7 P 0 0 ;0=1,1=1
P 1.488189 0.988189 7 P 0 0 ;0=1,1=1
P 1.488189 1.019685 7 P 0 0 ;0=1,1=1
P 1.496063 0.1456693 7 P 0 0 ;0=1,1=1
P 1.496063 0.1692913 7 P 0 0 ;0=1,1=1
P 1.519685 0.7677165 7 P 0 0 ;0=1,1=1
P 1.519685 0.8622047 7 P 0 0 ;0=1,1=1
P 1.519685 0.9251969 7 P 0 0 ;0=1,1=1
P 1.5511811 0.6102362 7 P 0 0 ;0=1,1=1
P 1.5511811 0.7677165 7 P 0 0 ;0=1,1=1
P 1.5511811 0.9251969 7 P 0 0 ;0=1,1=1
P 1.5826772 0.6417323 7 P 0 0 ;0=1,1=1
P 1.6456693 0.7047244 7 P 0 0 ;0=1,1=1
P 1.6456693 0.7677165 7 P 0 0 ;0=1,1=1
P 1.6574803 1.019685 7 P 0 0 ;0=1,1=1
P 1.7322835 0.2283465 7 P 0 0 ;0=1,1=1
P 2.1141732 0.2047244 7 P 0 0 ;0=1,1=1
P 2.1141732 0.3307087 7 P 0 0 ;0=1,1=1
P 2.1535433 0.3307087 7 P 0 0 ;0=1,1=1
P 2.1929134 0.3307087 7 P 0 0 ;0=1,1=1
P 2.2913386 0.3307087 7 P 0 0 ;0=1,1=1
P 2.3188976 0.3307087 7 P 0 0 ;0=1,1=1
P 2.4055118 0.3307087 7 P 0 0 ;0=1,1=1
P 2.4448819 0.3307087 7 P 0 0 ;0=1,1=1
P 2.523622 0.4330709 7 P 0 0 ;0=1,1=1
P 2.5275591 0.6141732 7 P 0 0 ;0=1,1=1
P 2.5511811 0.5354331 8 P 0 0 ;0=2,1=1
P 2.5590551 0.4330709 7 P 0 0 ;0=1,1=1
P 2.5669291 0.3661417 7 P 0 0 ;0=1,1=1
P 2.5708661 0.6732283 7 P 0 0 ;0=1,1=1
P 2.5748031 0.3897638 7 P 0 0 ;0=1,1=1
P 2.6062992 0.988189 7 P 0 0 ;0=1,1=1
P 2.6456693 0.988189 7 P 0 0 ;0=1,1=1
P 2.6692913 0.5787402 7 P 0 0 ;0=1,1=1
P 2.6870079 0.5413386 8 P 0 0 ;0=2,1=1
P 2.7047244 0.5787402 7 P 0 0 ;0=1,1=1
P 2.7204724 0.8740157 8 P 0 0 ;0=2,1=1
P 2.7244094 0.5944882 7 P 0 0 ;0=1,1=1
P 2.7637795 0.5826772 7 P 0 0 ;0=1,1=1
P 2.8070866 0.5393701 8 P 0 0 ;0=2,1=1
P 2.8307087 0.5551181 7 P 0 0 ;0=1,1=1
P 2.8307087 0.5826772 7 P 0 0 ;0=1,1=1
P 2.8385827 0.8582677 7 P 0 0 ;0=1,1=1
P 2.8385827 1.0344489 7 P 0 0 ;0=1,1=1
P 2.8425197 0.4133858 7 P 0 0 ;0=1,1=1
P 2.8582677 0.8425197 7 P 0 0 ;0=1,1=1
P 2.8818898 0.3937008 7 P 0 0 ;0=1,1=1
P 2.8897638 0.8188976 8 P 0 0 ;0=2,1=1
P 2.9370079 1.0344489 7 P 0 0 ;0=1,1=1
P 2.9606299 0.4133858 7 P 0 0 ;0=1,1=1
P 3.003937 0.3937008 7 P 0 0 ;0=1,1=1
P 3.0354331 1.0344489 7 P 0 0 ;0=1,1=1
P 3.0590551 0.3937008 7 P 0 0 ;0=1,1=1
P 3.0748031 0.6062992 7 P 0 0 ;0=1,1=1
P 3.0944882 0.3307087 7 P 0 0 ;0=1,1=1
P 3.1299213 0.5708661 7 P 0 0 ;0=1,1=1
