#Layer_Color=16711935
#
#Feature symbol names
#
$0 r3.937

#
#Feature attribute names
#

#
#Layer features
#
A 0.1259843 0.7874016 0.1037133 0.8411686 0.0499463 0.7874016 0 P 0 N
A 0.2460628 0.730315 0.2460628 0.730315 0.2263778 0.730315 0 P 0 N
A 0.3094094 0.2947245 0.3094094 0.2947245 0.2897244 0.2947245 0 P 0 N
A 0.3999606 0.2947244 0.3999606 0.2947244 0.3802756 0.2947244 0 P 0 N
A 1.9350394 0.9862204 1.9350394 0.9862204 1.9153544 0.9862204 0 P 0 N
A 2.2145669 0.8484251 2.2145669 0.8484251 2.1948819 0.8484251 0 P 0 N
A 2.2755905 0.4645669 2.2755905 0.4645669 2.2559055 0.4645669 0 P 0 N
A 2.6653543 0.7854332 2.6653543 0.7854332 2.6456693 0.7854332 0 P 0 N
A 3.0820866 0.9212599 3.0820866 0.9212599 3.0624016 0.9212599 0 P 0 N
A 3.1377175 0.8542529 3.1023622 0.7688976 3.2230728 0.7688976 0 P 0 N
L 0.0787402 0.8661417 0.0787402 1.1811024 0 P 0
L 0.0787402 0.8661417 0.1037133 0.8411686 0 P 0
L 0.0787402 1.1811024 3.1496063 1.1811024 0 P 0
L 0.0958661 0.9246062 0.0958661 0.9494093 0 P 0
L 0.0958661 0.9246062 0.1088583 0.9246062 0 P 0
L 0.0958661 0.9494093 0.1088583 0.9494093 0 P 0
L 0.1082677 0.9862204 0.1082677 1.1240157 0 P 0
L 0.1082677 0.9862204 0.2145669 0.9862204 0 P 0
L 0.1082677 1.1240157 0.2145669 1.1240157 0 P 0
L 0.1088583 0.9246062 0.1088583 0.9494093 0 P 0
L 0.1259843 0.1574803 0.1259843 0.7874016 0 P 0
L 0.1259843 0.1574803 3.1023622 0.1574803 0 P 0
L 0.1309054 0.1830709 0.1309054 0.25 0 P 0
L 0.1309054 0.1830709 0.168307 0.1830709 0 P 0
L 0.1309054 0.25 0.168307 0.25 0 P 0
L 0.1387795 1.0423228 0.1387795 1.0836614 0 P 0
L 0.1387795 1.0423228 0.1604331 1.0423228 0 P 0
L 0.1387795 1.0836614 0.1604331 1.0836614 0 P 0
L 0.1391732 0.2893307 0.1391732 0.3306693 0 P 0
L 0.1391732 0.2893307 0.1608268 0.2893307 0 P 0
L 0.1391732 0.3306693 0.1608268 0.3306693 0 P 0
L 0.1466535 0.7549213 0.1466535 0.7962599 0 P 0
L 0.1466535 0.7549213 0.1683071 0.7549213 0 P 0
L 0.1466535 0.7962599 0.1683071 0.7962599 0 P 0
L 0.1493307 0.3691732 0.1493307 0.3908268 0 P 0
L 0.1493307 0.3691732 0.1906693 0.3691732 0 P 0
L 0.1493307 0.3908268 0.1906693 0.3908268 0 P 0
L 0.1509843 0.8222442 0.1509843 0.8470473 0 P 0
L 0.1509843 0.8222442 0.1639765 0.8222442 0 P 0
L 0.1509843 0.8470473 0.1639765 0.8470473 0 P 0
L 0.152559 0.9773622 0.152559 0.9990158 0 P 0
L 0.152559 0.9773622 0.1938976 0.9773622 0 P 0
L 0.152559 0.9990158 0.1938976 0.9990158 0 P 0
L 0.1604331 0.4498031 0.1604331 0.4714567 0 P 0
L 0.1604331 0.4498031 0.2017717 0.4498031 0 P 0
L 0.1604331 0.4714567 0.2017717 0.4714567 0 P 0
L 0.1604331 1.0423228 0.1604331 1.0836614 0 P 0
L 0.1608268 0.2893307 0.1608268 0.3306693 0 P 0
L 0.1639765 0.8222442 0.1639765 0.8470473 0 P 0
L 0.168307 0.1830709 0.168307 0.25 0 P 0
L 0.1683071 0.7549213 0.1683071 0.7962599 0 P 0
L 0.172244 0.5954724 0.172244 0.617126 0 P 0
L 0.172244 0.5954724 0.2135826 0.5954724 0 P 0
L 0.172244 0.617126 0.2135826 0.617126 0 P 0
L 0.1879921 0.7883858 0.1879921 0.8100394 0 P 0
L 0.1879921 0.7883858 0.2293307 0.7883858 0 P 0
L 0.1879921 0.8100394 0.2293307 0.8100394 0 P 0
L 0.1879921 0.8198819 0.1879921 0.8415355 0 P 0
L 0.1879921 0.8198819 0.2293307 0.8198819 0 P 0
L 0.1879921 0.8415355 0.2293307 0.8415355 0 P 0
L 0.1906693 0.3691732 0.1906693 0.3908268 0 P 0
L 0.1909447 0.6437008 0.1909447 0.7657481 0 P 0
L 0.1909447 0.6437008 0.312992 0.6437008 0 P 0
L 0.1909447 0.7657481 0.312992 0.7657481 0 P 0
L 0.1938976 0.9773622 0.1938976 0.9990158 0 P 0
L 0.2017717 0.4498031 0.2017717 0.4714567 0 P 0
L 0.2080708 0.4738188 0.2080708 0.486811 0 P 0
L 0.2080708 0.4738188 0.2328739 0.4738188 0 P 0
L 0.2080708 0.486811 0.2328739 0.486811 0 P 0
L 0.2135826 0.5954724 0.2135826 0.617126 0 P 0
L 0.2145669 0.9862204 0.2145669 1.1240157 0 P 0
L 0.2293307 0.7883858 0.2293307 0.8100394 0 P 0
L 0.2293307 0.8198819 0.2293307 0.8415355 0 P 0
L 0.2328739 0.4738188 0.2328739 0.486811 0 P 0
L 0.2431102 0.1742126 0.2431102 0.1958662 0 P 0
L 0.2431102 0.1742126 0.2431102 0.1958662 0 P 0
L 0.2431102 0.1742126 0.2844488 0.1742126 0 P 0
L 0.2431102 0.1742126 0.2844488 0.1742126 0 P 0
L 0.2431102 0.1958662 0.2844488 0.1958662 0 P 0
L 0.2431102 0.1958662 0.2844488 0.1958662 0 P 0
L 0.2450787 0.8336614 0.2450787 0.875 0 P 0
L 0.2450787 0.8336614 0.2667323 0.8336614 0 P 0
L 0.2450787 0.875 0.2667323 0.875 0 P 0
L 0.2450787 0.9832676 0.2450787 1.0246062 0 P 0
L 0.2450787 0.9832676 0.2667323 0.9832676 0 P 0
L 0.2450787 1.0246062 0.2667323 1.0246062 0 P 0
L 0.2542913 0.2592914 0.2542913 0.4207087 0 P 0
L 0.2542913 0.2592914 0.4157086 0.2592914 0 P 0
L 0.2542913 0.4207087 0.4157086 0.4207087 0 P 0
L 0.2542914 0.2592913 0.2542914 0.4207086 0 P 0
L 0.2542914 0.2592913 0.4157087 0.2592913 0 P 0
L 0.2542914 0.4207086 0.4157087 0.4207086 0 P 0
L 0.2592519 0.5840552 0.2592519 0.5970474 0 P 0
L 0.2592519 0.5840552 0.284055 0.5840552 0 P 0
L 0.2592519 0.5970474 0.284055 0.5970474 0 P 0
L 0.2625984 0.2135038 0.2625984 0.226496 0 P 0
L 0.2625984 0.2135038 0.2874015 0.2135038 0 P 0
L 0.2625984 0.226496 0.2874015 0.226496 0 P 0
L 0.2627953 0.4694882 0.2627953 0.4911418 0 P 0
L 0.2627953 0.4694882 0.3041339 0.4694882 0 P 0
L 0.2627953 0.4911418 0.3041339 0.4911418 0 P 0
L 0.2667323 0.8336614 0.2667323 0.875 0 P 0
L 0.2667323 0.9832676 0.2667323 1.0246062 0 P 0
L 0.2677165 1.0580708 0.2677165 1.1151574 0 P 0
L 0.2677165 1.0580708 0.3543306 1.0580708 0 P 0
L 0.2677165 1.1151574 0.3543306 1.1151574 0 P 0
L 0.284055 0.5840552 0.284055 0.5970474 0 P 0
L 0.2844488 0.1742126 0.2844488 0.1958662 0 P 0
L 0.2844488 0.1742126 0.2844488 0.1958662 0 P 0
L 0.286811 0.7927166 0.286811 0.8057088 0 P 0
L 0.286811 0.7927166 0.3116141 0.7927166 0 P 0
L 0.286811 0.8057088 0.3116141 0.8057088 0 P 0
L 0.2874015 0.2135038 0.2874015 0.226496 0 P 0
L 0.2952756 0.9035432 0.2952756 1.0098424 0 P 0
L 0.2952756 0.9035432 0.3818898 0.9035432 0 P 0
L 0.2952756 1.0098424 0.3818898 1.0098424 0 P 0
L 0.3041339 0.4694882 0.3041339 0.4911418 0 P 0
L 0.3061024 0.1742126 0.3061024 0.1958662 0 P 0
L 0.3061024 0.1742126 0.347441 0.1742126 0 P 0
L 0.3061024 0.1958662 0.347441 0.1958662 0 P 0
L 0.3084644 0.1883858 0.3084644 0.2131889 0 P 0
L 0.3084644 0.1883858 0.3214566 0.1883858 0 P 0
L 0.3084644 0.2131889 0.3214566 0.2131889 0 P 0
L 0.3116141 0.7927166 0.3116141 0.8057088 0 P 0
L 0.312992 0.6437008 0.312992 0.7657481 0 P 0
L 0.3214566 0.1883858 0.3214566 0.2131889 0 P 0
L 0.3316929 0.1801181 0.3316929 0.2214567 0 P 0
L 0.3316929 0.1801181 0.3533465 0.1801181 0 P 0
L 0.3316929 0.2214567 0.3533465 0.2214567 0 P 0
L 0.3375985 0.213504 0.3375985 0.2264962 0 P 0
L 0.3375985 0.213504 0.3624016 0.213504 0 P 0
L 0.3375985 0.2264962 0.3624016 0.2264962 0 P 0
L 0.347441 0.1742126 0.347441 0.1958662 0 P 0
L 0.3533465 0.1801181 0.3533465 0.2214567 0 P 0
L 0.3543306 1.0580708 0.3543306 1.1151574 0 P 0
L 0.3624016 0.213504 0.3624016 0.2264962 0 P 0
L 0.3651575 0.4694882 0.3651575 0.4911418 0 P 0
L 0.3651575 0.4694882 0.4064961 0.4694882 0 P 0
L 0.3651575 0.4911418 0.4064961 0.4911418 0 P 0
L 0.3675195 0.1923228 0.3675195 0.2171259 0 P 0
L 0.3675195 0.1923228 0.3805117 0.1923228 0 P 0
L 0.3675195 0.2171259 0.3805117 0.2171259 0 P 0
L 0.3805117 0.1923228 0.3805117 0.2171259 0 P 0
L 0.3818898 0.9035432 0.3818898 1.0098424 0 P 0
L 0.3891733 0.5879921 0.3891733 0.6009843 0 P 0
L 0.3891733 0.5879921 0.4139764 0.5879921 0 P 0
L 0.3891733 0.6009843 0.4139764 0.6009843 0 P 0
L 0.3891733 0.6194882 0.3891733 0.6324804 0 P 0
L 0.3891733 0.6194882 0.4139764 0.6194882 0 P 0
L 0.3891733 0.6324804 0.4139764 0.6324804 0 P 0
L 0.3891733 0.6509842 0.3891733 0.6639764 0 P 0
L 0.3891733 0.6509842 0.4139764 0.6509842 0 P 0
L 0.3891733 0.6639764 0.4139764 0.6639764 0 P 0
L 0.3891733 0.6824803 0.3891733 0.6954725 0 P 0
L 0.3891733 0.6824803 0.4139764 0.6824803 0 P 0
L 0.3891733 0.6954725 0.4139764 0.6954725 0 P 0
L 0.3891733 0.7139763 0.3891733 0.7269685 0 P 0
L 0.3891733 0.7139763 0.4139764 0.7139763 0 P 0
L 0.3891733 0.7269685 0.4139764 0.7269685 0 P 0
L 0.3891733 0.7454724 0.3891733 0.7584646 0 P 0
L 0.3891733 0.7454724 0.4139764 0.7454724 0 P 0
L 0.3891733 0.7584646 0.4139764 0.7584646 0 P 0
L 0.390748 0.5265748 0.390748 0.5679134 0 P 0
L 0.390748 0.5265748 0.4124016 0.5265748 0 P 0
L 0.390748 0.5679134 0.4124016 0.5679134 0 P 0
L 0.4064961 0.4694882 0.4064961 0.4911418 0 P 0
L 0.4124016 0.5265748 0.4124016 0.5679134 0 P 0
L 0.4139764 0.5879921 0.4139764 0.6009843 0 P 0
L 0.4139764 0.6194882 0.4139764 0.6324804 0 P 0
L 0.4139764 0.6509842 0.4139764 0.6639764 0 P 0
L 0.4139764 0.6824803 0.4139764 0.6954725 0 P 0
L 0.4139764 0.7139763 0.4139764 0.7269685 0 P 0
L 0.4139764 0.7454724 0.4139764 0.7584646 0 P 0
L 0.4157086 0.2592914 0.4157086 0.4207087 0 P 0
L 0.4157087 0.2592913 0.4157087 0.4207086 0 P 0
L 0.4364174 0.4738188 0.4364174 0.486811 0 P 0
L 0.4364174 0.4738188 0.4612205 0.4738188 0 P 0
L 0.4364174 0.486811 0.4612205 0.486811 0 P 0
L 0.4527558 0.5551181 0.4527558 1.1062992 0 P 0
L 0.4527558 0.5551181 0.7677165 0.5551181 0 P 0
L 0.4527558 1.1062992 0.7677165 1.1062992 0 P 0
L 0.4612205 0.4738188 0.4612205 0.486811 0 P 0
L 0.4620077 0.6135827 0.4620077 0.6383858 0 P 0
L 0.4620077 0.6135827 0.4749999 0.6135827 0 P 0
L 0.4620077 0.6383858 0.4749999 0.6383858 0 P 0
L 0.4620077 0.6765748 0.4620077 0.7013779 0 P 0
L 0.4620077 0.6765748 0.4749999 0.6765748 0 P 0
L 0.4620077 0.7013779 0.4749999 0.7013779 0 P 0
L 0.4620077 0.9285433 0.4620077 0.9533464 0 P 0
L 0.4620077 0.9285433 0.4749999 0.9285433 0 P 0
L 0.4620077 0.9533464 0.4749999 0.9533464 0 P 0
L 0.4620079 0.9915355 0.4620079 1.0163386 0 P 0
L 0.4620079 0.9915355 0.4750001 0.9915355 0 P 0
L 0.4620079 1.0163386 0.4750001 1.0163386 0 P 0
L 0.4620079 1.0545276 0.4620079 1.0793307 0 P 0
L 0.4620079 1.0545276 0.4750001 1.0545276 0 P 0
L 0.4620079 1.0793307 0.4750001 1.0793307 0 P 0
L 0.4635827 0.5679134 0.4635827 0.589567 0 P 0
L 0.4635827 0.5679134 0.5049213 0.5679134 0 P 0
L 0.4635827 0.589567 0.5049213 0.589567 0 P 0
L 0.4718505 0.8557085 0.4718505 0.8687007 0 P 0
L 0.4718505 0.8557085 0.4966536 0.8557085 0 P 0
L 0.4718505 0.8687007 0.4966536 0.8687007 0 P 0
L 0.4749999 0.6135827 0.4749999 0.6383858 0 P 0
L 0.4749999 0.6765748 0.4749999 0.7013779 0 P 0
L 0.4749999 0.9285433 0.4749999 0.9533464 0 P 0
L 0.4750001 0.9915355 0.4750001 1.0163386 0 P 0
L 0.4750001 1.0545276 0.4750001 1.0793307 0 P 0
L 0.4931103 0.1742126 0.4931103 0.1958661 0 P 0
L 0.4931103 0.1742126 0.5344489 0.1742126 0 P 0
L 0.4931103 0.1958661 0.5344489 0.1958661 0 P 0
L 0.4966536 0.8557085 0.4966536 0.8687007 0 P 0
L 0.5023622 0.8242125 0.5023622 0.8372047 0 P 0
L 0.5023622 0.8242125 0.5271653 0.8242125 0 P 0
L 0.5023622 0.8372047 0.5271653 0.8372047 0 P 0
L 0.5033464 1.013189 0.5033464 1.0261812 0 P 0
L 0.5033464 1.013189 0.5281495 1.013189 0 P 0
L 0.5033464 1.0261812 0.5281495 1.0261812 0 P 0
L 0.5049213 0.5679134 0.5049213 0.589567 0 P 0
L 0.5246063 0.3809055 0.5246063 0.4222441 0 P 0
L 0.5246063 0.3809055 0.5462599 0.3809055 0 P 0
L 0.5246063 0.4222441 0.5462599 0.4222441 0 P 0
L 0.5249999 0.771063 0.5249999 0.7958661 0 P 0
L 0.5249999 0.771063 0.5379921 0.771063 0 P 0
L 0.5249999 0.7958661 0.5379921 0.7958661 0 P 0
L 0.5271653 0.8242125 0.5271653 0.8372047 0 P 0
L 0.5281495 1.013189 0.5281495 1.0261812 0 P 0
L 0.5289369 0.223819 0.5289369 0.2486221 0 P 0
L 0.5289369 0.223819 0.5419291 0.223819 0 P 0
L 0.5289369 0.2486221 0.5419291 0.2486221 0 P 0
L 0.5344489 0.1742126 0.5344489 0.1958661 0 P 0
L 0.5379921 0.771063 0.5379921 0.7958661 0 P 0
L 0.5419291 0.223819 0.5419291 0.2486221 0 P 0
L 0.5462599 0.3809055 0.5462599 0.4222441 0 P 0
L 0.5653543 0.5722441 0.5653543 0.5852363 0 P 0
L 0.5653543 0.5722441 0.5901574 0.5722441 0 P 0
L 0.5653543 0.5852363 0.5901574 0.5852363 0 P 0
L 0.5653543 0.6037401 0.5653543 0.6167323 0 P 0
L 0.5653543 0.6037401 0.5901574 0.6037401 0 P 0
L 0.5653543 0.6167323 0.5901574 0.6167323 0 P 0
L 0.5653543 0.6352362 0.5653543 0.6482284 0 P 0
L 0.5653543 0.6352362 0.5901574 0.6352362 0 P 0
L 0.5653543 0.6482284 0.5901574 0.6482284 0 P 0
L 0.5653543 0.6667322 0.5653543 0.6797244 0 P 0
L 0.5653543 0.6667322 0.5901574 0.6667322 0 P 0
L 0.5653543 0.6797244 0.5901574 0.6797244 0 P 0
L 0.5653543 0.6982283 0.5653543 0.7112205 0 P 0
L 0.5653543 0.6982283 0.5901574 0.6982283 0 P 0
L 0.5653543 0.7112205 0.5901574 0.7112205 0 P 0
L 0.5653543 0.7297244 0.5653543 0.7427166 0 P 0
L 0.5653543 0.7297244 0.5901574 0.7297244 0 P 0
L 0.5653543 0.7427166 0.5901574 0.7427166 0 P 0
L 0.5653543 0.7612204 0.5653543 0.7742126 0 P 0
L 0.5653543 0.7612204 0.5901574 0.7612204 0 P 0
L 0.5653543 0.7742126 0.5901574 0.7742126 0 P 0
L 0.5653543 0.7927165 0.5653543 0.8057087 0 P 0
L 0.5653543 0.7927165 0.5901574 0.7927165 0 P 0
L 0.5653543 0.8057087 0.5901574 0.8057087 0 P 0
L 0.5875984 0.8572835 0.5875984 0.8986221 0 P 0
L 0.5875984 0.8572835 0.609252 0.8572835 0 P 0
L 0.5875984 0.8986221 0.609252 0.8986221 0 P 0
L 0.5901574 0.5722441 0.5901574 0.5852363 0 P 0
L 0.5901574 0.6037401 0.5901574 0.6167323 0 P 0
L 0.5901574 0.6352362 0.5901574 0.6482284 0 P 0
L 0.5901574 0.6667322 0.5901574 0.6797244 0 P 0
L 0.5901574 0.6982283 0.5901574 0.7112205 0 P 0
L 0.5901574 0.7297244 0.5901574 0.7427166 0 P 0
L 0.5901574 0.7612204 0.5901574 0.7742126 0 P 0
L 0.5901574 0.7927165 0.5901574 0.8057087 0 P 0
L 0.609252 0.8572835 0.609252 0.8986221 0 P 0
L 0.6112204 0.4360236 0.6112204 0.4773622 0 P 0
L 0.6112204 0.4360236 0.632874 0.4360236 0 P 0
L 0.6112204 0.4773622 0.632874 0.4773622 0 P 0
L 0.6190944 0.8572835 0.6190944 0.8986221 0 P 0
L 0.6190944 0.8572835 0.640748 0.8572835 0 P 0
L 0.6190944 0.8986221 0.640748 0.8986221 0 P 0
L 0.6190945 0.5265748 0.6190945 0.5679134 0 P 0
L 0.6190945 0.5265748 0.6407481 0.5265748 0 P 0
L 0.6190945 0.5679134 0.6407481 0.5679134 0 P 0
L 0.6283465 0.6037401 0.6283465 0.6167323 0 P 0
L 0.6283465 0.6037401 0.6531496 0.6037401 0 P 0
L 0.6283465 0.6167323 0.6531496 0.6167323 0 P 0
L 0.6293308 0.6667322 0.6293308 0.6797244 0 P 0
L 0.6293308 0.6667322 0.6541339 0.6667322 0 P 0
L 0.6293308 0.6797244 0.6541339 0.6797244 0 P 0
L 0.6293308 0.6982283 0.6293308 0.7112205 0 P 0
L 0.6293308 0.6982283 0.6541339 0.6982283 0 P 0
L 0.6293308 0.7112205 0.6541339 0.7112205 0 P 0
L 0.6293308 0.7612204 0.6293308 0.7742126 0 P 0
L 0.6293308 0.7612204 0.6541339 0.7612204 0 P 0
L 0.6293308 0.7742126 0.6541339 0.7742126 0 P 0
L 0.632874 0.4360236 0.632874 0.4773622 0 P 0
L 0.640748 0.8572835 0.640748 0.8986221 0 P 0
L 0.6407481 0.5265748 0.6407481 0.5679134 0 P 0
L 0.6456692 0.7942913 0.6456692 0.8356299 0 P 0
L 0.6456692 0.7942913 0.6673228 0.7942913 0 P 0
L 0.6456692 0.8356299 0.6673228 0.8356299 0 P 0
L 0.6476378 0.4114173 0.6476378 0.4783464 0 P 0
L 0.6476378 0.4114173 0.6830709 0.4114173 0 P 0
L 0.6476378 0.4783464 0.6830709 0.4783464 0 P 0
L 0.6531496 0.6037401 0.6531496 0.6167323 0 P 0
L 0.6541339 0.6667322 0.6541339 0.6797244 0 P 0
L 0.6541339 0.6982283 0.6541339 0.7112205 0 P 0
L 0.6541339 0.7612204 0.6541339 0.7742126 0 P 0
L 0.6673228 0.7942913 0.6673228 0.8356299 0 P 0
L 0.6830709 0.4114173 0.6830709 0.4783464 0 P 0
L 0.6913386 0.5722441 0.6913386 0.5852363 0 P 0
L 0.6913386 0.5722441 0.7161417 0.5722441 0 P 0
L 0.6913386 0.5852363 0.7161417 0.5852363 0 P 0
L 0.6913386 0.6037401 0.6913386 0.6167323 0 P 0
L 0.6913386 0.6037401 0.7161417 0.6037401 0 P 0
L 0.6913386 0.6167323 0.7161417 0.6167323 0 P 0
L 0.6913386 0.6352362 0.6913386 0.6482284 0 P 0
L 0.6913386 0.6352362 0.7161417 0.6352362 0 P 0
L 0.6913386 0.6482284 0.7161417 0.6482284 0 P 0
L 0.6913386 0.6667322 0.6913386 0.6797244 0 P 0
L 0.6913386 0.6667322 0.7161417 0.6667322 0 P 0
L 0.6913386 0.6797244 0.7161417 0.6797244 0 P 0
L 0.6913386 0.7612204 0.6913386 0.7742126 0 P 0
L 0.6913386 0.7612204 0.7161417 0.7612204 0 P 0
L 0.6913386 0.7742126 0.7161417 0.7742126 0 P 0
L 0.6923228 0.8557087 0.6923228 0.8687009 0 P 0
L 0.6923228 0.8557087 0.7171259 0.8557087 0 P 0
L 0.6923228 0.8687009 0.7171259 0.8687009 0 P 0
L 0.6923229 0.6982282 0.6923229 0.7112204 0 P 0
L 0.6923229 0.6982282 0.717126 0.6982282 0 P 0
L 0.6923229 0.7112204 0.717126 0.7112204 0 P 0
L 0.6948819 0.4114173 0.6948819 0.4783464 0 P 0
L 0.6948819 0.4114173 0.730315 0.4114173 0 P 0
L 0.6948819 0.4783464 0.730315 0.4783464 0 P 0
L 0.7139762 0.802559 0.7139762 0.8273621 0 P 0
L 0.7139762 0.802559 0.7269684 0.802559 0 P 0
L 0.7139762 0.8273621 0.7269684 0.8273621 0 P 0
L 0.7155512 0.7253937 0.7155512 0.7470473 0 P 0
L 0.7155512 0.7253937 0.7568898 0.7253937 0 P 0
L 0.7155512 0.7470473 0.7568898 0.7470473 0 P 0
L 0.7161417 0.5722441 0.7161417 0.5852363 0 P 0
L 0.7161417 0.6037401 0.7161417 0.6167323 0 P 0
L 0.7161417 0.6352362 0.7161417 0.6482284 0 P 0
L 0.7161417 0.6667322 0.7161417 0.6797244 0 P 0
L 0.7161417 0.7612204 0.7161417 0.7742126 0 P 0
L 0.7171259 0.8557087 0.7171259 0.8687009 0 P 0
L 0.717126 0.6982282 0.717126 0.7112204 0 P 0
L 0.7238189 1.0761812 0.7238189 1.0891734 0 P 0
L 0.7238189 1.0761812 0.748622 1.0761812 0 P 0
L 0.7238189 1.0891734 0.748622 1.0891734 0 P 0
L 0.723819 0.9501967 0.723819 0.9631889 0 P 0
L 0.723819 0.9501967 0.7486221 0.9501967 0 P 0
L 0.723819 0.9631889 0.7486221 0.9631889 0 P 0
L 0.723819 0.9816928 0.723819 0.994685 0 P 0
L 0.723819 0.9816928 0.7486221 0.9816928 0 P 0
L 0.723819 0.994685 0.7486221 0.994685 0 P 0
L 0.7269684 0.802559 0.7269684 0.8273621 0 P 0
L 0.730315 0.4114173 0.730315 0.4783464 0 P 0
L 0.7450787 0.4360236 0.7450787 0.4773622 0 P 0
L 0.7450787 0.4360236 0.7667323 0.4360236 0 P 0
L 0.7450787 0.4773622 0.7667323 0.4773622 0 P 0
L 0.7454723 1.0230315 0.7454723 1.0478346 0 P 0
L 0.7454723 1.0230315 0.7584645 1.0230315 0 P 0
L 0.7454723 1.0478346 0.7584645 1.0478346 0 P 0
L 0.7454725 0.5820867 0.7454725 0.6068898 0 P 0
L 0.7454725 0.5820867 0.7584647 0.5820867 0 P 0
L 0.7454725 0.6068898 0.7584647 0.6068898 0 P 0
L 0.7454725 0.6450788 0.7454725 0.6698819 0 P 0
L 0.7454725 0.6450788 0.7584647 0.6450788 0 P 0
L 0.7454725 0.6698819 0.7584647 0.6698819 0 P 0
L 0.748622 1.0761812 0.748622 1.0891734 0 P 0
L 0.7486221 0.9501967 0.7486221 0.9631889 0 P 0
L 0.7486221 0.9816928 0.7486221 0.994685 0 P 0
L 0.7568898 0.7253937 0.7568898 0.7470473 0 P 0
L 0.7584645 1.0230315 0.7584645 1.0478346 0 P 0
L 0.7584647 0.5820867 0.7584647 0.6068898 0 P 0
L 0.7584647 0.6450788 0.7584647 0.6698819 0 P 0
L 0.7667323 0.4360236 0.7667323 0.4773622 0 P 0
L 0.7677165 0.5551181 0.7677165 1.1062992 0 P 0
L 0.7972441 0.9980315 0.7972441 1.1043307 0 P 0
L 0.7972441 0.9980315 0.9350394 0.9980315 0 P 0
L 0.7972441 1.1043307 0.9350394 1.1043307 0 P 0
L 0.9350394 0.9980315 0.9350394 1.1043307 0 P 0
L 0.9645669 0.4015747 0.9645669 1.0708661 0 P 0
L 0.9645669 0.4015747 1.6338583 0.4015747 0 P 0
L 0.9645669 1.0708661 1.6338583 1.0708661 0 P 0
L 0.9694882 1.0974409 0.9694882 1.1387795 0 P 0
L 0.9694882 1.0974409 0.9911418 1.0974409 0 P 0
L 0.9694882 1.1387795 0.9911418 1.1387795 0 P 0
L 0.9911418 1.0974409 0.9911418 1.1387795 0 P 0
L 1.0059055 1.0787401 1.0059055 1.1574803 0 P 0
L 1.0059055 1.0787401 1.1043307 1.0787401 0 P 0
L 1.0059055 1.1574803 1.1043307 1.1574803 0 P 0
L 1.0108267 0.8513778 1.0108267 0.8730314 0 P 0
L 1.0108267 0.8513778 1.0521653 0.8513778 0 P 0
L 1.0108267 0.8730314 1.0521653 0.8730314 0 P 0
L 1.0108267 1.0088581 1.0108267 1.0305117 0 P 0
L 1.0108267 1.0088581 1.0521653 1.0088581 0 P 0
L 1.0108267 1.0305117 1.0521653 1.0305117 0 P 0
L 1.0364173 0.7312992 1.0364173 0.7726378 0 P 0
L 1.0364173 0.7312992 1.0580709 0.7312992 0 P 0
L 1.0364173 0.7726378 1.0580709 0.7726378 0 P 0
L 1.0423228 0.6309054 1.0423228 0.652559 0 P 0
L 1.0423228 0.6309054 1.0836614 0.6309054 0 P 0
L 1.0423228 0.652559 1.0836614 0.652559 0 P 0
L 1.0423228 0.945866 1.0423228 0.9675196 0 P 0
L 1.0423228 0.945866 1.0836614 0.945866 0 P 0
L 1.0423228 0.9675196 1.0836614 0.9675196 0 P 0
L 1.0521653 0.8513778 1.0521653 0.8730314 0 P 0
L 1.0521653 1.0088581 1.0521653 1.0305117 0 P 0
L 1.0580709 0.7312992 1.0580709 0.7726378 0 P 0
L 1.0836614 0.6309054 1.0836614 0.652559 0 P 0
L 1.0836614 0.945866 1.0836614 0.9675196 0 P 0
L 1.0994094 0.7627953 1.0994094 0.8041339 0 P 0
L 1.0994094 0.7627953 1.121063 0.7627953 0 P 0
L 1.0994094 0.8041339 1.121063 0.8041339 0 P 0
L 1.0994094 0.8257874 1.0994094 0.867126 0 P 0
L 1.0994094 0.8257874 1.121063 0.8257874 0 P 0
L 1.0994094 0.867126 1.121063 0.867126 0 P 0
L 1.1043307 1.0787401 1.1043307 1.1574803 0 P 0
L 1.1190945 1.0974409 1.1190945 1.1387795 0 P 0
L 1.1190945 1.0974409 1.1407481 1.0974409 0 P 0
L 1.1190945 1.1387795 1.1407481 1.1387795 0 P 0
L 1.121063 0.7627953 1.121063 0.8041339 0 P 0
L 1.121063 0.8257874 1.121063 0.867126 0 P 0
L 1.1309055 0.8572835 1.1309055 0.8986221 0 P 0
L 1.1309055 0.8572835 1.1525591 0.8572835 0 P 0
L 1.1309055 0.8986221 1.1525591 0.8986221 0 P 0
L 1.1309055 0.9517716 1.1309055 0.9931102 0 P 0
L 1.1309055 0.9517716 1.1525591 0.9517716 0 P 0
L 1.1309055 0.9931102 1.1525591 0.9931102 0 P 0
L 1.136811 0.5994094 1.136811 0.621063 0 P 0
L 1.136811 0.5994094 1.1781496 0.5994094 0 P 0
L 1.136811 0.621063 1.1781496 0.621063 0 P 0
L 1.1407481 1.0974409 1.1407481 1.1387795 0 P 0
L 1.1519685 1.1190945 1.1519685 1.1407481 0 P 0
L 1.1519685 1.1190945 1.1933071 1.1190945 0 P 0
L 1.1519685 1.1407481 1.1933071 1.1407481 0 P 0
L 1.1525591 0.8572835 1.1525591 0.8986221 0 P 0
L 1.1525591 0.9517716 1.1525591 0.9931102 0 P 0
L 1.1624015 0.699803 1.1624015 0.7411416 0 P 0
L 1.1624015 0.699803 1.1840551 0.699803 0 P 0
L 1.1624015 0.7411416 1.1840551 0.7411416 0 P 0
L 1.1624015 0.8257873 1.1624015 0.8671259 0 P 0
L 1.1624015 0.8257873 1.1840551 0.8257873 0 P 0
L 1.1624015 0.8671259 1.1840551 0.8671259 0 P 0
L 1.1643701 1.0088582 1.1643701 1.0305118 0 P 0
L 1.1643701 1.0088582 1.2057087 1.0088582 0 P 0
L 1.1643701 1.0305118 1.2057087 1.0305118 0 P 0
L 1.168307 0.5364172 1.168307 0.5580708 0 P 0
L 1.168307 0.5364172 1.2096456 0.5364172 0 P 0
L 1.168307 0.5580708 1.2096456 0.5580708 0 P 0
L 1.168307 0.6624014 1.168307 0.684055 0 P 0
L 1.168307 0.6624014 1.2096456 0.6624014 0 P 0
L 1.168307 0.684055 1.2096456 0.684055 0 P 0
L 1.168307 0.7568896 1.168307 0.7785432 0 P 0
L 1.168307 0.7568896 1.2096456 0.7568896 0 P 0
L 1.168307 0.7785432 1.2096456 0.7785432 0 P 0
L 1.168307 0.7883857 1.168307 0.8100393 0 P 0
L 1.168307 0.7883857 1.2096456 0.7883857 0 P 0
L 1.168307 0.8100393 1.2096456 0.8100393 0 P 0
L 1.1742126 1.105315 1.1742126 1.1466536 0 P 0
L 1.1742126 1.105315 1.1958662 1.105315 0 P 0
L 1.1742126 1.1466536 1.1958662 1.1466536 0 P 0
L 1.1781496 0.5994094 1.1781496 0.621063 0 P 0
L 1.1840551 0.699803 1.1840551 0.7411416 0 P 0
L 1.1840551 0.8257873 1.1840551 0.8671259 0 P 0
L 1.1933071 1.1190945 1.1933071 1.1407481 0 P 0
L 1.1958661 0.4734252 1.1958661 0.4950788 0 P 0
L 1.1958661 0.4734252 1.2372047 0.4734252 0 P 0
L 1.1958661 0.4950788 1.2372047 0.4950788 0 P 0
L 1.1958662 1.105315 1.1958662 1.1466536 0 P 0
L 1.1992124 0.5679132 1.1992124 0.5895668 0 P 0
L 1.1992124 0.5679132 1.240551 0.5679132 0 P 0
L 1.1992124 0.5895668 1.240551 0.5895668 0 P 0
L 1.1998031 0.5994093 1.1998031 0.6210629 0 P 0
L 1.1998031 0.5994093 1.2411417 0.5994093 0 P 0
L 1.1998031 0.6210629 1.2411417 0.6210629 0 P 0
L 1.1998031 0.7253936 1.1998031 0.7470472 0 P 0
L 1.1998031 0.7253936 1.2411417 0.7253936 0 P 0
L 1.1998031 0.7470472 1.2411417 0.7470472 0 P 0
L 1.1998031 0.8513778 1.1998031 0.8730314 0 P 0
L 1.1998031 0.8513778 1.2411417 0.8513778 0 P 0
L 1.1998031 0.8730314 1.2411417 0.8730314 0 P 0
L 1.1998031 0.9143699 1.1998031 0.9360235 0 P 0
L 1.1998031 0.9143699 1.2411417 0.9143699 0 P 0
L 1.1998031 0.9360235 1.2411417 0.9360235 0 P 0
L 1.1998031 0.945866 1.1998031 0.9675196 0 P 0
L 1.1998031 0.945866 1.2411417 0.945866 0 P 0
L 1.1998031 0.9675196 1.2411417 0.9675196 0 P 0
L 1.2057087 1.0088582 1.2057087 1.0305118 0 P 0
L 1.2096456 0.5364172 1.2096456 0.5580708 0 P 0
L 1.2096456 0.6624014 1.2096456 0.684055 0 P 0
L 1.2096456 0.7568896 1.2096456 0.7785432 0 P 0
L 1.2096456 0.7883857 1.2096456 0.8100393 0 P 0
L 1.2096456 1.105315 1.2096456 1.1466536 0 P 0
L 1.2096456 1.105315 1.2312991 1.105315 0 P 0
L 1.2096456 1.1466536 1.2312991 1.1466536 0 P 0
L 1.2096457 1.105315 1.2096457 1.1466536 0 P 0
L 1.2096457 1.105315 1.2312992 1.105315 0 P 0
L 1.2096457 1.1466536 1.2312992 1.1466536 0 P 0
L 1.2312991 1.105315 1.2312991 1.1466536 0 P 0
L 1.2312992 0.6624014 1.2312992 0.684055 0 P 0
L 1.2312992 0.6624014 1.2726378 0.6624014 0 P 0
L 1.2312992 0.684055 1.2726378 0.684055 0 P 0
L 1.2312992 0.7883858 1.2312992 0.8100394 0 P 0
L 1.2312992 0.7883858 1.2726378 0.7883858 0 P 0
L 1.2312992 0.8100394 1.2726378 0.8100394 0 P 0
L 1.2312992 0.8198818 1.2312992 0.8415354 0 P 0
L 1.2312992 0.8198818 1.2726378 0.8198818 0 P 0
L 1.2312992 0.8415354 1.2726378 0.8415354 0 P 0
L 1.2312992 1.105315 1.2312992 1.1466536 0 P 0
L 1.2372047 0.4734252 1.2372047 0.4950788 0 P 0
L 1.240551 0.5679132 1.240551 0.5895668 0 P 0
L 1.2411417 0.5994093 1.2411417 0.6210629 0 P 0
L 1.2411417 0.7253936 1.2411417 0.7470472 0 P 0
L 1.2411417 0.8513778 1.2411417 0.8730314 0 P 0
L 1.2411417 0.9143699 1.2411417 0.9360235 0 P 0
L 1.2411417 0.945866 1.2411417 0.9675196 0 P 0
L 1.2529527 0.4478346 1.2529527 0.4891732 0 P 0
L 1.2529527 0.4478346 1.2746063 0.4478346 0 P 0
L 1.2529527 0.4891732 1.2746063 0.4891732 0 P 0
L 1.2726378 0.6624014 1.2726378 0.684055 0 P 0
L 1.2726378 0.7883858 1.2726378 0.8100394 0 P 0
L 1.2726378 0.8198818 1.2726378 0.8415354 0 P 0
L 1.2726378 1.105315 1.2726378 1.1466536 0 P 0
L 1.2726378 1.105315 1.2942914 1.105315 0 P 0
L 1.2726378 1.1466536 1.2942914 1.1466536 0 P 0
L 1.2726379 1.105315 1.2726379 1.1466536 0 P 0
L 1.2726379 1.105315 1.2942914 1.105315 0 P 0
L 1.2726379 1.1466536 1.2942914 1.1466536 0 P 0
L 1.2746063 0.4478346 1.2746063 0.4891732 0 P 0
L 1.2883858 0.5423227 1.2883858 0.5836613 0 P 0
L 1.2883858 0.5423227 1.3100394 0.5423227 0 P 0
L 1.2883858 0.5836613 1.3100394 0.5836613 0 P 0
L 1.2883858 0.6368109 1.2883858 0.6781495 0 P 0
L 1.2883858 0.6368109 1.3100394 0.6368109 0 P 0
L 1.2883858 0.6781495 1.3100394 0.6781495 0 P 0
L 1.2883858 0.8257873 1.2883858 0.8671259 0 P 0
L 1.2883858 0.8257873 1.3100394 0.8257873 0 P 0
L 1.2883858 0.8671259 1.3100394 0.8671259 0 P 0
L 1.2942913 0.5994094 1.2942913 0.621063 0 P 0
L 1.2942913 0.5994094 1.3356299 0.5994094 0 P 0
L 1.2942913 0.621063 1.3356299 0.621063 0 P 0
L 1.2942914 1.105315 1.2942914 1.1466536 0 P 0
L 1.2942914 1.105315 1.2942914 1.1466536 0 P 0
L 1.3100394 0.5423227 1.3100394 0.5836613 0 P 0
L 1.3100394 0.6368109 1.3100394 0.6781495 0 P 0
L 1.3100394 0.8257873 1.3100394 0.8671259 0 P 0
L 1.3198819 0.8257874 1.3198819 0.867126 0 P 0
L 1.3198819 0.8257874 1.3415355 0.8257874 0 P 0
L 1.3198819 0.867126 1.3415355 0.867126 0 P 0
L 1.3198819 0.8887795 1.3198819 0.9301181 0 P 0
L 1.3198819 0.8887795 1.3415355 0.8887795 0 P 0
L 1.3198819 0.9301181 1.3415355 0.9301181 0 P 0
L 1.3238189 0.4793307 1.3238189 0.5206693 0 P 0
L 1.3238189 0.4793307 1.3454725 0.4793307 0 P 0
L 1.3238189 0.5206693 1.3454725 0.5206693 0 P 0
L 1.3257874 0.6938975 1.3257874 0.7155511 0 P 0
L 1.3257874 0.6938975 1.367126 0.6938975 0 P 0
L 1.3257874 0.7155511 1.367126 0.7155511 0 P 0
L 1.3356299 0.5994094 1.3356299 0.621063 0 P 0
L 1.3415355 0.8257874 1.3415355 0.867126 0 P 0
L 1.3415355 0.8887795 1.3415355 0.9301181 0 P 0
L 1.3454725 0.4793307 1.3454725 0.5206693 0 P 0
L 1.3494094 1.1072834 1.3494094 1.128937 0 P 0
L 1.3494094 1.1072834 1.3494094 1.128937 0 P 0
L 1.3494094 1.1072834 1.390748 1.1072834 0 P 0
L 1.3494094 1.1072834 1.390748 1.1072834 0 P 0
L 1.3494094 1.128937 1.390748 1.128937 0 P 0
L 1.3494094 1.128937 1.390748 1.128937 0 P 0
L 1.3513779 0.8257873 1.3513779 0.8671259 0 P 0
L 1.3513779 0.8257873 1.3730315 0.8257873 0 P 0
L 1.3513779 0.8671259 1.3730315 0.8671259 0 P 0
L 1.3572834 0.5994093 1.3572834 0.6210629 0 P 0
L 1.3572834 0.5994093 1.398622 0.5994093 0 P 0
L 1.3572834 0.6210629 1.398622 0.6210629 0 P 0
L 1.3572834 0.6309054 1.3572834 0.652559 0 P 0
L 1.3572834 0.6309054 1.398622 0.6309054 0 P 0
L 1.3572834 0.652559 1.398622 0.652559 0 P 0
L 1.3572834 0.6624014 1.3572834 0.684055 0 P 0
L 1.3572834 0.6624014 1.398622 0.6624014 0 P 0
L 1.3572834 0.684055 1.398622 0.684055 0 P 0
L 1.3572834 0.7253936 1.3572834 0.7470472 0 P 0
L 1.3572834 0.7253936 1.398622 0.7253936 0 P 0
L 1.3572834 0.7470472 1.398622 0.7470472 0 P 0
L 1.3572834 0.7568896 1.3572834 0.7785432 0 P 0
L 1.3572834 0.7568896 1.398622 0.7568896 0 P 0
L 1.3572834 0.7785432 1.398622 0.7785432 0 P 0
L 1.367126 0.6938975 1.367126 0.7155511 0 P 0
L 1.3730315 0.8257873 1.3730315 0.8671259 0 P 0
L 1.378937 0.5108268 1.378937 0.5521654 0 P 0
L 1.378937 0.5108268 1.4005906 0.5108268 0 P 0
L 1.378937 0.5521654 1.4005906 0.5521654 0 P 0
L 1.3887795 0.8159449 1.3887795 0.8375985 0 P 0
L 1.3887795 0.8159449 1.4301181 0.8159449 0 P 0
L 1.3887795 0.8375985 1.4301181 0.8375985 0 P 0
L 1.390748 1.1072834 1.390748 1.128937 0 P 0
L 1.390748 1.1072834 1.390748 1.128937 0 P 0
L 1.398622 0.5994093 1.398622 0.6210629 0 P 0
L 1.398622 0.6309054 1.398622 0.652559 0 P 0
L 1.398622 0.6624014 1.398622 0.684055 0 P 0
L 1.398622 0.7253936 1.398622 0.7470472 0 P 0
L 1.398622 0.7568896 1.398622 0.7785432 0 P 0
L 1.4005906 0.5108268 1.4005906 0.5521654 0 P 0
L 1.4163386 0.9734252 1.4163386 0.9950788 0 P 0
L 1.4163386 0.9734252 1.4576772 0.9734252 0 P 0
L 1.4163386 0.9950788 1.4576772 0.9950788 0 P 0
L 1.4301181 0.8159449 1.4301181 0.8375985 0 P 0
L 1.4458661 0.6958661 1.4458661 0.7372047 0 P 0
L 1.4458661 0.6958661 1.4675197 0.6958661 0 P 0
L 1.4458661 0.7372047 1.4675197 0.7372047 0 P 0
L 1.4478346 0.5994094 1.4478346 0.621063 0 P 0
L 1.4478346 0.5994094 1.4891732 0.5994094 0 P 0
L 1.4478346 0.621063 1.4891732 0.621063 0 P 0
L 1.4517716 0.910433 1.4517716 0.9320866 0 P 0
L 1.4517716 0.910433 1.4931102 0.910433 0 P 0
L 1.4517716 0.9320866 1.4931102 0.9320866 0 P 0
L 1.4527559 1.0935039 1.4527559 1.1505905 0 P 0
L 1.4527559 1.0935039 1.53937 1.0935039 0 P 0
L 1.4527559 1.1505905 1.53937 1.1505905 0 P 0
L 1.4576772 0.9734252 1.4576772 0.9950788 0 P 0
L 1.4616141 0.1879921 1.4616141 0.2293307 0 P 0
L 1.4616141 0.1879921 1.4832677 0.1879921 0 P 0
L 1.4616141 0.2293307 1.4832677 0.2293307 0 P 0
L 1.4675197 0.6958661 1.4675197 0.7372047 0 P 0
L 1.4734252 0.4793307 1.4734252 0.5206693 0 P 0
L 1.4734252 0.4793307 1.4950788 0.4793307 0 P 0
L 1.4734252 0.5206693 1.4950788 0.5206693 0 P 0
L 1.4832677 0.1879921 1.4832677 0.2293307 0 P 0
L 1.4891732 0.5994094 1.4891732 0.621063 0 P 0
L 1.4931102 0.910433 1.4931102 0.9320866 0 P 0
L 1.4950788 0.4793307 1.4950788 0.5206693 0 P 0
L 1.5187008 0.7844488 1.5187008 0.8061024 0 P 0
L 1.5187008 0.7844488 1.5600394 0.7844488 0 P 0
L 1.5187008 0.8061024 1.5600394 0.8061024 0 P 0
L 1.5275591 1.0935039 1.5275591 1.1505905 0 P 0
L 1.5275591 1.0935039 1.6141732 1.0935039 0 P 0
L 1.5275591 1.1505905 1.6141732 1.1505905 0 P 0
L 1.53937 1.0935039 1.53937 1.1505905 0 P 0
L 1.5442913 0.5423228 1.5442913 0.5836614 0 P 0
L 1.5442913 0.5423228 1.5659449 0.5423228 0 P 0
L 1.5442913 0.5836614 1.5659449 0.5836614 0 P 0
L 1.5462598 0.7293307 1.5462598 0.7509843 0 P 0
L 1.5462598 0.7293307 1.5875984 0.7293307 0 P 0
L 1.5462598 0.7509843 1.5875984 0.7509843 0 P 0
L 1.5545275 1.044685 1.5545275 1.0576772 0 P 0
L 1.5545275 1.044685 1.5793306 1.044685 0 P 0
L 1.5545275 1.0576772 1.5793306 1.0576772 0 P 0
L 1.5600394 0.7844488 1.5600394 0.8061024 0 P 0
L 1.5659449 0.5423228 1.5659449 0.5836614 0 P 0
L 1.5679134 0.4478346 1.5679134 0.4891732 0 P 0
L 1.5679134 0.4478346 1.589567 0.4478346 0 P 0
L 1.5679134 0.4891732 1.589567 0.4891732 0 P 0
L 1.5718504 0.9163386 1.5718504 0.9576772 0 P 0
L 1.5718504 0.9163386 1.593504 0.9163386 0 P 0
L 1.5718504 0.9576772 1.593504 0.9576772 0 P 0
L 1.5793306 1.044685 1.5793306 1.0576772 0 P 0
L 1.5875984 0.7293307 1.5875984 0.7509843 0 P 0
L 1.589567 0.4478346 1.589567 0.4891732 0 P 0
L 1.593504 0.9163386 1.593504 0.9576772 0 P 0
L 1.6141732 1.0935039 1.6141732 1.1505905 0 P 0
L 1.6309055 1.0895669 1.6309055 1.1309055 0 P 0
L 1.6309055 1.0895669 1.6525591 1.0895669 0 P 0
L 1.6309055 1.1309055 1.6525591 1.1309055 0 P 0
L 1.6338583 0.4015747 1.6338583 1.0708661 0 P 0
L 1.6525591 1.0895669 1.6525591 1.1309055 0 P 0
L 1.6643701 0.9183071 1.6643701 0.9399607 0 P 0
L 1.6643701 0.9183071 1.7057087 0.9183071 0 P 0
L 1.6643701 0.9399607 1.7057087 0.9399607 0 P 0
L 1.6643701 0.9498031 1.6643701 0.9714567 0 P 0
L 1.6643701 0.9498031 1.6643701 0.9714567 0 P 0
L 1.6643701 0.9498031 1.7057087 0.9498031 0 P 0
L 1.6643701 0.9498031 1.7057087 0.9498031 0 P 0
L 1.6643701 0.9714567 1.7057087 0.9714567 0 P 0
L 1.6643701 0.9714567 1.7057087 0.9714567 0 P 0
L 1.6643701 0.9812992 1.6643701 1.0029528 0 P 0
L 1.6643701 0.9812992 1.7057087 0.9812992 0 P 0
L 1.6643701 1.0029528 1.7057087 1.0029528 0 P 0
L 1.6653543 1.0551181 1.6653543 1.1102362 0 P 0
L 1.6653543 1.0551181 1.7834645 1.0551181 0 P 0
L 1.6653543 1.1102362 1.7834645 1.1102362 0 P 0
L 1.6948819 0.4438976 1.6948819 0.5816929 0 P 0
L 1.6948819 0.4438976 1.8011811 0.4438976 0 P 0
L 1.6948819 0.5816929 1.8011811 0.5816929 0 P 0
L 1.6948819 0.6082678 1.6948819 0.7460631 0 P 0
L 1.6948819 0.6082678 1.6948819 0.7460631 0 P 0
L 1.6948819 0.6082678 1.8011811 0.6082678 0 P 0
L 1.6948819 0.6082678 1.8011811 0.6082678 0 P 0
L 1.6948819 0.7460631 1.8011811 0.7460631 0 P 0
L 1.6948819 0.7460631 1.8011811 0.7460631 0 P 0
L 1.6998031 1.0600393 1.6998031 1.0816929 0 P 0
L 1.6998031 1.0600393 1.7411417 1.0600393 0 P 0
L 1.6998031 1.0816929 1.7411417 1.0816929 0 P 0
L 1.6998031 1.1072834 1.6998031 1.128937 0 P 0
L 1.6998031 1.1072834 1.7411417 1.1072834 0 P 0
L 1.6998031 1.128937 1.7411417 1.128937 0 P 0
L 1.7047244 0.4507874 1.7047244 0.5570866 0 P 0
L 1.7047244 0.4507874 1.7913386 0.4507874 0 P 0
L 1.7047244 0.5570866 1.7913386 0.5570866 0 P 0
L 1.7057087 0.9183071 1.7057087 0.9399607 0 P 0
L 1.7057087 0.9498031 1.7057087 0.9714567 0 P 0
L 1.7057087 0.9498031 1.7057087 0.9714567 0 P 0
L 1.7057087 0.9812992 1.7057087 1.0029528 0 P 0
L 1.7155512 0.3169292 1.7155512 0.4035433 0 P 0
L 1.7155512 0.3169292 1.7726378 0.3169292 0 P 0
L 1.7155512 0.4035433 1.7726378 0.4035433 0 P 0
L 1.7303149 0.761811 1.7303149 0.8681102 0 P 0
L 1.7303149 0.761811 1.7303149 0.8681102 0 P 0
L 1.7303149 0.761811 1.8681102 0.761811 0 P 0
L 1.7303149 0.761811 1.8681102 0.761811 0 P 0
L 1.7303149 0.8681102 1.8681102 0.8681102 0 P 0
L 1.7303149 0.8681102 1.8681102 0.8681102 0 P 0
L 1.7411417 1.0600393 1.7411417 1.0816929 0 P 0
L 1.7411417 1.1072834 1.7411417 1.128937 0 P 0
L 1.7726378 0.3169292 1.7726378 0.4035433 0 P 0
L 1.7814961 1.1003937 1.7814961 1.1358268 0 P 0
L 1.7814961 1.1003937 1.8484252 1.1003937 0 P 0
L 1.7814961 1.1358268 1.8484252 1.1358268 0 P 0
L 1.7834645 1.0551181 1.7834645 1.1102362 0 P 0
L 1.7913386 0.4507874 1.7913386 0.5570866 0 P 0
L 1.7942913 1.0600393 1.7942913 1.0816929 0 P 0
L 1.7942913 1.0600393 1.8356299 1.0600393 0 P 0
L 1.7942913 1.0816929 1.8356299 1.0816929 0 P 0
L 1.7962598 1.0305118 1.7962598 1.0718504 0 P 0
L 1.7962598 1.0305118 1.8179134 1.0305118 0 P 0
L 1.7962598 1.0718504 1.8179134 1.0718504 0 P 0
L 1.8011811 0.4438976 1.8011811 0.5816929 0 P 0
L 1.8011811 0.6082678 1.8011811 0.7460631 0 P 0
L 1.8011811 0.6082678 1.8011811 0.7460631 0 P 0
L 1.8179134 1.0305118 1.8179134 1.0718504 0 P 0
L 1.8208661 0.5452756 1.8208661 0.6830709 0 P 0
L 1.8208661 0.5452756 1.8208661 0.6830709 0 P 0
L 1.8208661 0.5452756 1.9271653 0.5452756 0 P 0
L 1.8208661 0.5452756 1.9271653 0.5452756 0 P 0
L 1.8208661 0.6830709 1.9271653 0.6830709 0 P 0
L 1.8208661 0.6830709 1.9271653 0.6830709 0 P 0
L 1.8277559 0.7037401 1.8277559 0.7450787 0 P 0
L 1.8277559 0.7037401 1.8494095 0.7037401 0 P 0
L 1.8277559 0.7450787 1.8494095 0.7450787 0 P 0
L 1.8316929 0.4478346 1.8316929 0.4891732 0 P 0
L 1.8316929 0.4478346 1.8533465 0.4478346 0 P 0
L 1.8316929 0.4891732 1.8533465 0.4891732 0 P 0
L 1.8356299 1.0600393 1.8356299 1.0816929 0 P 0
L 1.8484252 1.1003937 1.8484252 1.1358268 0 P 0
L 1.8494095 0.7037401 1.8494095 0.7450787 0 P 0
L 1.8533465 0.4478346 1.8533465 0.4891732 0 P 0
L 1.8631889 0.7037401 1.8631889 0.7450787 0 P 0
L 1.8631889 0.7037401 1.8848425 0.7037401 0 P 0
L 1.8631889 0.7450787 1.8848425 0.7450787 0 P 0
L 1.8655513 0.9265748 1.8655513 0.939567 0 P 0
L 1.8655513 0.9265748 1.8903544 0.9265748 0 P 0
L 1.8655513 0.939567 1.8903544 0.939567 0 P 0
L 1.8681102 0.761811 1.8681102 0.8681102 0 P 0
L 1.8681102 0.761811 1.8681102 0.8681102 0 P 0
L 1.8773622 1.0053149 1.8773622 1.0183071 0 P 0
L 1.8773622 1.0053149 1.9021653 1.0053149 0 P 0
L 1.8773622 1.0183071 1.9021653 1.0183071 0 P 0
L 1.8799213 0.9507873 1.8799213 1.0728345 0 P 0
L 1.8799213 0.9507873 2.0570867 0.9507873 0 P 0
L 1.8799213 1.0728345 2.0570867 1.0728345 0 P 0
L 1.8848425 0.7037401 1.8848425 0.7450787 0 P 0
L 1.8887795 1.1072834 1.8887795 1.128937 0 P 0
L 1.8887795 1.1072834 1.9301181 1.1072834 0 P 0
L 1.8887795 1.128937 1.9301181 1.128937 0 P 0
L 1.8903544 0.9265748 1.8903544 0.939567 0 P 0
L 1.898622 0.4478346 1.898622 0.4891732 0 P 0
L 1.898622 0.4478346 1.9202756 0.4478346 0 P 0
L 1.898622 0.4891732 1.9202756 0.4891732 0 P 0
L 1.898622 0.7037401 1.898622 0.7450787 0 P 0
L 1.898622 0.7037401 1.9202756 0.7037401 0 P 0
L 1.898622 0.7450787 1.9202756 0.7450787 0 P 0
L 1.9021653 1.0053149 1.9021653 1.0183071 0 P 0
L 1.9202756 0.4478346 1.9202756 0.4891732 0 P 0
L 1.9202756 0.7037401 1.9202756 0.7450787 0 P 0
L 1.9271653 0.5452756 1.9271653 0.6830709 0 P 0
L 1.9271653 0.5452756 1.9271653 0.6830709 0 P 0
L 1.9301181 1.1072834 1.9301181 1.128937 0 P 0
L 1.9448819 0.6968503 1.9448819 0.7519684 0 P 0
L 1.9448819 0.6968503 1.9448819 0.7519684 0 P 0
L 1.9448819 0.6968503 2.0629921 0.6968503 0 P 0
L 1.9448819 0.6968503 2.0629921 0.6968503 0 P 0
L 1.9448819 0.7519684 2.0629921 0.7519684 0 P 0
L 1.9448819 0.7519684 2.0629921 0.7519684 0 P 0
L 1.9517717 0.5433072 1.9517717 0.6299213 0 P 0
L 1.9517717 0.5433072 2.0088583 0.5433072 0 P 0
L 1.9517717 0.6299213 2.0088583 0.6299213 0 P 0
L 1.9566929 0.9507874 1.9566929 1.0728346 0 P 0
L 1.9566929 0.9507874 2.0275591 0.9507874 0 P 0
L 1.9566929 1.0728346 2.0275591 1.0728346 0 P 0
L 1.9620078 0.4285434 1.9620078 0.4533465 0 P 0
L 1.9620078 0.4285434 1.975 0.4285434 0 P 0
L 1.9620078 0.4533465 1.975 0.4533465 0 P 0
L 1.9704725 1.1003937 1.9704725 1.1358268 0 P 0
L 1.9704725 1.1003937 2.0374016 1.1003937 0 P 0
L 1.9704725 1.1358268 2.0374016 1.1358268 0 P 0
L 1.975 0.4285434 1.975 0.4533465 0 P 0
L 2.0088583 0.5433072 2.0088583 0.6299213 0 P 0
L 2.0226378 0.6230315 2.0226378 0.6446851 0 P 0
L 2.0226378 0.6230315 2.0639764 0.6230315 0 P 0
L 2.0226378 0.6446851 2.0639764 0.6446851 0 P 0
L 2.0275591 0.9507874 2.0275591 1.0728346 0 P 0
L 2.0334646 0.4114174 2.0334646 0.5492127 0 P 0
L 2.0334646 0.4114174 2.1397638 0.4114174 0 P 0
L 2.0334646 0.5492127 2.1397638 0.5492127 0 P 0
L 2.0374016 1.1003937 2.0374016 1.1358268 0 P 0
L 2.0570867 0.9507873 2.0570867 1.0728345 0 P 0
L 2.0629921 0.6968503 2.0629921 0.7519684 0 P 0
L 2.0629921 0.6968503 2.0629921 0.7519684 0 P 0
L 2.0639764 0.6230315 2.0639764 0.6446851 0 P 0
L 2.0797244 0.6722441 2.0797244 0.7135827 0 P 0
L 2.0797244 0.6722441 2.101378 0.6722441 0 P 0
L 2.0797244 0.7135827 2.101378 0.7135827 0 P 0
L 2.0797244 0.7352362 2.0797244 0.7765748 0 P 0
L 2.0797244 0.7352362 2.101378 0.7352362 0 P 0
L 2.0797244 0.7765748 2.101378 0.7765748 0 P 0
L 2.0836614 1.0974409 2.0836614 1.1387795 0 P 0
L 2.0836614 1.0974409 2.105315 1.0974409 0 P 0
L 2.0836614 1.1387795 2.105315 1.1387795 0 P 0
L 2.101378 0.6722441 2.101378 0.7135827 0 P 0
L 2.101378 0.7352362 2.101378 0.7765748 0 P 0
L 2.105315 1.0974409 2.105315 1.1387795 0 P 0
L 2.1112204 0.6722441 2.1112204 0.7135827 0 P 0
L 2.1112204 0.6722441 2.132874 0.6722441 0 P 0
L 2.1112204 0.7135827 2.132874 0.7135827 0 P 0
L 2.1151575 1.0974409 2.1151575 1.1387795 0 P 0
L 2.1151575 1.0974409 2.1368111 1.0974409 0 P 0
L 2.1151575 1.1387795 2.1368111 1.1387795 0 P 0
L 2.1190945 0.9714567 2.1190945 1.0127953 0 P 0
L 2.1190945 0.9714567 2.1407481 0.9714567 0 P 0
L 2.1190945 1.0127953 2.1407481 1.0127953 0 P 0
L 2.132874 0.6722441 2.132874 0.7135827 0 P 0
L 2.1368111 1.0974409 2.1368111 1.1387795 0 P 0
L 2.1397638 0.4114174 2.1397638 0.5492127 0 P 0
L 2.1407481 0.9714567 2.1407481 1.0127953 0 P 0
L 2.1505905 0.9714567 2.1505905 1.0127953 0 P 0
L 2.1505905 0.9714567 2.1722441 0.9714567 0 P 0
L 2.1505905 1.0127953 2.1722441 1.0127953 0 P 0
L 2.1594489 0.812992 2.1594489 1.1318897 0 P 0
L 2.1594489 0.812992 2.3996063 0.812992 0 P 0
L 2.1594489 1.1318897 2.3996063 1.1318897 0 P 0
L 2.1722441 0.9714567 2.1722441 1.0127953 0 P 0
L 2.1870079 0.6633858 2.1870079 0.769685 0 P 0
L 2.1870079 0.6633858 2.1870079 0.769685 0 P 0
L 2.1870079 0.6633858 2.3248032 0.6633858 0 P 0
L 2.1870079 0.6633858 2.3248032 0.6633858 0 P 0
L 2.1870079 0.769685 2.3248032 0.769685 0 P 0
L 2.1870079 0.769685 2.3248032 0.769685 0 P 0
L 2.1938976 0.8061024 2.1938976 0.847441 0 P 0
L 2.1938976 0.8061024 2.2155512 0.8061024 0 P 0
L 2.1938976 0.847441 2.2155512 0.847441 0 P 0
L 2.2076772 1.1033464 2.2076772 1.125 0 P 0
L 2.2076772 1.1033464 2.2490158 1.1033464 0 P 0
L 2.2076772 1.125 2.2490158 1.125 0 P 0
L 2.2155512 0.8061024 2.2155512 0.847441 0 P 0
L 2.2204724 0.4291338 2.2204724 0.5866142 0 P 0
L 2.2204724 0.4291338 2.3779528 0.4291338 0 P 0
L 2.2204724 0.5866142 2.3779528 0.5866142 0 P 0
L 2.2411417 0.8061024 2.2411417 0.847441 0 P 0
L 2.2411417 0.8061024 2.2627953 0.8061024 0 P 0
L 2.2411417 0.847441 2.2627953 0.847441 0 P 0
L 2.2490158 1.1033464 2.2490158 1.125 0 P 0
L 2.2627953 0.8061024 2.2627953 0.847441 0 P 0
L 2.2923228 0.8061024 2.2923228 0.847441 0 P 0
L 2.2923228 0.8061024 2.3139764 0.8061024 0 P 0
L 2.2923228 0.847441 2.3139764 0.847441 0 P 0
L 2.2923228 1.0935039 2.2923228 1.1348425 0 P 0
L 2.2923228 1.0935039 2.3139764 1.0935039 0 P 0
L 2.2923228 1.1348425 2.3139764 1.1348425 0 P 0
L 2.3139764 0.8061024 2.3139764 0.847441 0 P 0
L 2.3139764 1.0935039 2.3139764 1.1348425 0 P 0
L 2.3218504 0.6190945 2.3218504 0.6407481 0 P 0
L 2.3218504 0.6190945 2.363189 0.6190945 0 P 0
L 2.3218504 0.6407481 2.363189 0.6407481 0 P 0
L 2.3248032 0.6633858 2.3248032 0.769685 0 P 0
L 2.3248032 0.6633858 2.3248032 0.769685 0 P 0
L 2.3435039 1.0935039 2.3435039 1.1348425 0 P 0
L 2.3435039 1.0935039 2.3651575 1.0935039 0 P 0
L 2.3435039 1.1348425 2.3651575 1.1348425 0 P 0
L 2.363189 0.6190945 2.363189 0.6407481 0 P 0
L 2.3651575 1.0935039 2.3651575 1.1348425 0 P 0
L 2.3779528 0.4291338 2.3779528 0.5866142 0 P 0
L 2.378937 0.6998031 2.378937 0.7411417 0 P 0
L 2.378937 0.6998031 2.4005906 0.6998031 0 P 0
L 2.378937 0.7411417 2.4005906 0.7411417 0 P 0
L 2.3996063 0.812992 2.3996063 1.1318897 0 P 0
L 2.4005906 0.6998031 2.4005906 0.7411417 0 P 0
L 2.402559 0.4872047 2.402559 0.5285433 0 P 0
L 2.402559 0.4872047 2.4242126 0.4872047 0 P 0
L 2.402559 0.5285433 2.4242126 0.5285433 0 P 0
L 2.402559 1.0580709 2.402559 1.0994095 0 P 0
L 2.402559 1.0580709 2.4242126 1.0580709 0 P 0
L 2.402559 1.0994095 2.4242126 1.0994095 0 P 0
L 2.4068897 0.4364174 2.4068897 0.4612205 0 P 0
L 2.4068897 0.4364174 2.4198819 0.4364174 0 P 0
L 2.4068897 0.4612205 2.4198819 0.4612205 0 P 0
L 2.410433 0.5698819 2.410433 0.6112205 0 P 0
L 2.410433 0.5698819 2.4320866 0.5698819 0 P 0
L 2.410433 0.6112205 2.4320866 0.6112205 0 P 0
L 2.4198819 0.4364174 2.4198819 0.4612205 0 P 0
L 2.4242126 0.4872047 2.4242126 0.5285433 0 P 0
L 2.4242126 1.0580709 2.4242126 1.0994095 0 P 0
L 2.4261811 0.6998031 2.4261811 0.7411417 0 P 0
L 2.4261811 0.6998031 2.4478347 0.6998031 0 P 0
L 2.4261811 0.7411417 2.4478347 0.7411417 0 P 0
L 2.4320866 0.5698819 2.4320866 0.6112205 0 P 0
L 2.4379921 0.4360236 2.4379921 0.4773622 0 P 0
L 2.4379921 0.4360236 2.4596457 0.4360236 0 P 0
L 2.4379921 0.4773622 2.4596457 0.4773622 0 P 0
L 2.4478347 0.6998031 2.4478347 0.7411417 0 P 0
L 2.4576771 0.6998031 2.4576771 0.7411417 0 P 0
L 2.4576771 0.6998031 2.4793307 0.6998031 0 P 0
L 2.4576771 0.7411417 2.4793307 0.7411417 0 P 0
L 2.4596457 0.4360236 2.4596457 0.4773622 0 P 0
L 2.4606299 0.769685 2.4606299 0.8759842 0 P 0
L 2.4606299 0.769685 2.5472441 0.769685 0 P 0
L 2.4606299 0.8759842 2.5472441 0.8759842 0 P 0
L 2.4635827 0.7017716 2.4635827 0.7234252 0 P 0
L 2.4635827 0.7017716 2.5049213 0.7017716 0 P 0
L 2.4635827 0.7234252 2.5049213 0.7234252 0 P 0
L 2.4635827 0.7332677 2.4635827 0.7549213 0 P 0
L 2.4635827 0.7332677 2.5049213 0.7332677 0 P 0
L 2.4635827 0.7549213 2.5049213 0.7549213 0 P 0
L 2.4635827 0.8061024 2.4635827 0.863189 0 P 0
L 2.4635827 0.8061024 2.5049213 0.8061024 0 P 0
L 2.4635827 0.863189 2.5049213 0.863189 0 P 0
L 2.4635827 0.890748 2.4635827 0.9124016 0 P 0
L 2.4635827 0.890748 2.5049213 0.890748 0 P 0
L 2.4635827 0.9124016 2.5049213 0.9124016 0 P 0
L 2.4685039 1.0196851 2.4685039 1.1377953 0 P 0
L 2.4685039 1.0196851 2.523622 1.0196851 0 P 0
L 2.4685039 1.1377953 2.523622 1.1377953 0 P 0
L 2.4718504 0.7769684 2.4718504 0.7899606 0 P 0
L 2.4718504 0.7769684 2.4966535 0.7769684 0 P 0
L 2.4718504 0.7899606 2.4966535 0.7899606 0 P 0
L 2.4718504 0.9265747 2.4718504 0.9395669 0 P 0
L 2.4718504 0.9265747 2.4966535 0.9265747 0 P 0
L 2.4718504 0.9395669 2.4966535 0.9395669 0 P 0
L 2.4718504 0.9541338 2.4718504 0.967126 0 P 0
L 2.4718504 0.9541338 2.4966535 0.9541338 0 P 0
L 2.4718504 0.967126 2.4966535 0.967126 0 P 0
L 2.4793307 0.6998031 2.4793307 0.7411417 0 P 0
L 2.4891732 0.6998031 2.4891732 0.7411417 0 P 0
L 2.4891732 0.6998031 2.5108268 0.6998031 0 P 0
L 2.4891732 0.7411417 2.5108268 0.7411417 0 P 0
L 2.4966535 0.7769684 2.4966535 0.7899606 0 P 0
L 2.4966535 0.9265747 2.4966535 0.9395669 0 P 0
L 2.4966535 0.9541338 2.4966535 0.967126 0 P 0
L 2.4990157 1.1348425 2.4990157 1.1564961 0 P 0
L 2.4990157 1.1348425 2.5403543 1.1348425 0 P 0
L 2.4990157 1.1564961 2.5403543 1.1564961 0 P 0
L 2.5049213 0.7017716 2.5049213 0.7234252 0 P 0
L 2.5049213 0.7332677 2.5049213 0.7549213 0 P 0
L 2.5049213 0.8061024 2.5049213 0.863189 0 P 0
L 2.5049213 0.890748 2.5049213 0.9124016 0 P 0
L 2.5108268 0.6998031 2.5108268 0.7411417 0 P 0
L 2.523622 1.0196851 2.523622 1.1377953 0 P 0
L 2.5403543 0.5541338 2.5403543 0.5954724 0 P 0
L 2.5403543 0.5541338 2.5620079 0.5541338 0 P 0
L 2.5403543 0.5954724 2.5620079 0.5954724 0 P 0
L 2.5403543 1.1348425 2.5403543 1.1564961 0 P 0
L 2.5472441 0.769685 2.5472441 0.8759842 0 P 0
L 2.5478347 0.4618111 2.5478347 0.9566929 0 P 0
L 2.5478347 0.4618111 3.0978347 0.4618111 0 P 0
L 2.5478347 0.9566929 3.0978347 0.9566929 0 P 0
L 2.5545275 0.6155511 2.5545275 0.6285433 0 P 0
L 2.5545275 0.6155511 2.5793306 0.6155511 0 P 0
L 2.5545275 0.6285433 2.5793306 0.6285433 0 P 0
L 2.5574803 0.894685 2.5574803 0.9163386 0 P 0
L 2.5574803 0.894685 2.5988189 0.894685 0 P 0
L 2.5574803 0.9163386 2.5988189 0.9163386 0 P 0
L 2.5574803 0.9261811 2.5574803 0.9478347 0 P 0
L 2.5574803 0.9261811 2.5988189 0.9261811 0 P 0
L 2.5574803 0.9478347 2.5988189 0.9478347 0 P 0
L 2.5620079 0.5541338 2.5620079 0.5954724 0 P 0
L 2.5679134 1.0620079 2.5679134 1.1033465 0 P 0
L 2.5679134 1.0620079 2.589567 1.0620079 0 P 0
L 2.5679134 1.1033465 2.589567 1.1033465 0 P 0
L 2.5793306 0.6155511 2.5793306 0.6285433 0 P 0
L 2.5797244 0.5541338 2.5797244 0.5954724 0 P 0
L 2.5797244 0.5541338 2.601378 0.5541338 0 P 0
L 2.5797244 0.5954724 2.601378 0.5954724 0 P 0
L 2.589567 1.0620079 2.589567 1.1033465 0 P 0
L 2.5988189 0.894685 2.5988189 0.9163386 0 P 0
L 2.5988189 0.9261811 2.5988189 0.9478347 0 P 0
L 2.601378 0.5541338 2.601378 0.5954724 0 P 0
L 2.6102362 0.6200789 2.6102362 0.8208663 0 P 0
L 2.6102362 0.6200789 2.8110236 0.6200789 0 P 0
L 2.6102362 0.8208663 2.8110236 0.8208663 0 P 0
L 2.6112204 0.5305118 2.6112204 0.5718504 0 P 0
L 2.6112204 0.5305118 2.632874 0.5305118 0 P 0
L 2.6112204 0.5718504 2.632874 0.5718504 0 P 0
L 2.6194881 0.9088582 2.6194881 0.9336613 0 P 0
L 2.6194881 0.9088582 2.6324803 0.9088582 0 P 0
L 2.6194881 0.9336613 2.6324803 0.9336613 0 P 0
L 2.6269685 1.0620079 2.6269685 1.1033465 0 P 0
L 2.6269685 1.0620079 2.6486221 1.0620079 0 P 0
L 2.6269685 1.1033465 2.6486221 1.1033465 0 P 0
L 2.6324803 0.9088582 2.6324803 0.9336613 0 P 0
L 2.632874 0.5305118 2.632874 0.5718504 0 P 0
L 2.6427165 0.5187008 2.6427165 0.5600394 0 P 0
L 2.6427165 0.5187008 2.6643701 0.5187008 0 P 0
L 2.6427165 0.5600394 2.6643701 0.5600394 0 P 0
L 2.6486221 1.0620079 2.6486221 1.1033465 0 P 0
L 2.6633858 1.0492127 2.6633858 1.1161418 0 P 0
L 2.6633858 1.0492127 2.6988189 1.0492127 0 P 0
L 2.6633858 1.1161418 2.6988189 1.1161418 0 P 0
L 2.6643701 0.5187008 2.6643701 0.5600394 0 P 0
L 2.6742126 0.4438976 2.6742126 0.4852362 0 P 0
L 2.6742126 0.4438976 2.6958662 0.4438976 0 P 0
L 2.6742126 0.4852362 2.6958662 0.4852362 0 P 0
L 2.6883858 0.9895668 2.6883858 1.002559 0 P 0
L 2.6883858 0.9895668 2.7131889 0.9895668 0 P 0
L 2.6883858 1.002559 2.7131889 1.002559 0 P 0
L 2.6958662 0.4438976 2.6958662 0.4852362 0 P 0
L 2.6988189 1.0492127 2.6988189 1.1161418 0 P 0
L 2.7096456 0.5187008 2.7096456 0.5600394 0 P 0
L 2.7096456 0.5187008 2.7312992 0.5187008 0 P 0
L 2.7096456 0.5600394 2.7312992 0.5600394 0 P 0
L 2.7131889 0.9895668 2.7131889 1.002559 0 P 0
L 2.7253937 1.0620079 2.7253937 1.1033465 0 P 0
L 2.7253937 1.0620079 2.7470473 1.0620079 0 P 0
L 2.7253937 1.1033465 2.7470473 1.1033465 0 P 0
L 2.7312992 0.5187008 2.7312992 0.5600394 0 P 0
L 2.7470472 0.5127952 2.7470472 0.5344488 0 P 0
L 2.7470472 0.5127952 2.7883858 0.5127952 0 P 0
L 2.7470472 0.5344488 2.7883858 0.5344488 0 P 0
L 2.7470472 0.5442913 2.7470472 0.5659449 0 P 0
L 2.7470472 0.5442913 2.7883858 0.5442913 0 P 0
L 2.7470472 0.5659449 2.7883858 0.5659449 0 P 0
L 2.7470473 1.0620079 2.7470473 1.1033465 0 P 0
L 2.7549213 0.867126 2.7549213 0.8887796 0 P 0
L 2.7549213 0.867126 2.7962599 0.867126 0 P 0
L 2.7549213 0.8887796 2.7962599 0.8887796 0 P 0
L 2.761811 1.0492127 2.761811 1.1161418 0 P 0
L 2.761811 1.0492127 2.7972441 1.0492127 0 P 0
L 2.761811 1.1161418 2.7972441 1.1161418 0 P 0
L 2.7631891 0.9068896 2.7631891 0.9198818 0 P 0
L 2.7631891 0.9068896 2.7879922 0.9068896 0 P 0
L 2.7631891 0.9198818 2.7879922 0.9198818 0 P 0
L 2.7750001 0.989567 2.7750001 1.0025592 0 P 0
L 2.7750001 0.989567 2.7998032 0.989567 0 P 0
L 2.7750001 1.0025592 2.7998032 1.0025592 0 P 0
L 2.7879922 0.9068896 2.7879922 0.9198818 0 P 0
L 2.7883858 0.5127952 2.7883858 0.5344488 0 P 0
L 2.7883858 0.5442913 2.7883858 0.5659449 0 P 0
L 2.7923228 0.4438976 2.7923228 0.4852362 0 P 0
L 2.7923228 0.4438976 2.8139764 0.4438976 0 P 0
L 2.7923228 0.4852362 2.8139764 0.4852362 0 P 0
L 2.7962599 0.867126 2.7962599 0.8887796 0 P 0
L 2.7972441 1.0492127 2.7972441 1.1161418 0 P 0
L 2.7998032 0.989567 2.7998032 1.0025592 0 P 0
L 2.8110236 0.6200789 2.8110236 0.8208663 0 P 0
L 2.8139764 0.4438976 2.8139764 0.4852362 0 P 0
L 2.8375984 0.6033464 2.8375984 0.625 0 P 0
L 2.8375984 0.6033464 2.878937 0.6033464 0 P 0
L 2.8375984 0.625 2.878937 0.625 0 P 0
L 2.8395669 0.1879921 2.8395669 0.2293307 0 P 0
L 2.8395669 0.1879921 2.8612205 0.1879921 0 P 0
L 2.8395669 0.2293307 2.8612205 0.2293307 0 P 0
L 2.8435039 1.089567 2.8435039 1.1309056 0 P 0
L 2.8435039 1.089567 2.8651575 1.089567 0 P 0
L 2.8435039 1.1309056 2.8651575 1.1309056 0 P 0
L 2.8478345 1.0348427 2.8478345 1.0596458 0 P 0
L 2.8478345 1.0348427 2.8608267 1.0348427 0 P 0
L 2.8478345 1.0596458 2.8608267 1.0596458 0 P 0
L 2.8537401 0.548622 2.8537401 0.5616142 0 P 0
L 2.8537401 0.548622 2.8785432 0.548622 0 P 0
L 2.8537401 0.5616142 2.8785432 0.5616142 0 P 0
L 2.8537401 0.5761811 2.8537401 0.5891733 0 P 0
L 2.8537401 0.5761811 2.8785432 0.5761811 0 P 0
L 2.8537401 0.5891733 2.8785432 0.5891733 0 P 0
L 2.8608267 1.0348427 2.8608267 1.0596458 0 P 0
L 2.8612205 0.1879921 2.8612205 0.2293307 0 P 0
L 2.8651575 1.089567 2.8651575 1.1309056 0 P 0
L 2.867126 0.2746063 2.867126 0.3159449 0 P 0
L 2.867126 0.2746063 2.8887796 0.2746063 0 P 0
L 2.867126 0.3159449 2.8887796 0.3159449 0 P 0
L 2.871063 0.1879921 2.871063 0.2293307 0 P 0
L 2.871063 0.1879921 2.871063 0.2293307 0 P 0
L 2.871063 0.1879921 2.8927166 0.1879921 0 P 0
L 2.871063 0.1879921 2.8927166 0.1879921 0 P 0
L 2.871063 0.2293307 2.8927166 0.2293307 0 P 0
L 2.871063 0.2293307 2.8927166 0.2293307 0 P 0
L 2.8785432 0.548622 2.8785432 0.5616142 0 P 0
L 2.8785432 0.5761811 2.8785432 0.5891733 0 P 0
L 2.878937 0.6033464 2.878937 0.625 0 P 0
L 2.878937 0.8415355 2.878937 0.8828741 0 P 0
L 2.878937 0.8415355 2.9005906 0.8415355 0 P 0
L 2.878937 0.8828741 2.9005906 0.8828741 0 P 0
L 2.8799212 1.0492127 2.8799212 1.1161418 0 P 0
L 2.8799212 1.0492127 2.9153543 1.0492127 0 P 0
L 2.8799212 1.1161418 2.9153543 1.1161418 0 P 0
L 2.882874 0.652559 2.882874 0.6938976 0 P 0
L 2.882874 0.652559 2.9045276 0.652559 0 P 0
L 2.882874 0.6938976 2.9045276 0.6938976 0 P 0
L 2.8848425 0.7687008 2.8848425 0.7903543 0 P 0
L 2.8848425 0.7687008 2.9261811 0.7687008 0 P 0
L 2.8848425 0.7903543 2.9261811 0.7903543 0 P 0
L 2.8887796 0.2746063 2.8887796 0.3159449 0 P 0
L 2.8927166 0.1879921 2.8927166 0.2293307 0 P 0
L 2.8927166 0.1879921 2.8927166 0.2293307 0 P 0
L 2.9005905 0.7372047 2.9005905 0.7588583 0 P 0
L 2.9005905 0.7372047 2.9419291 0.7372047 0 P 0
L 2.9005905 0.7588583 2.9419291 0.7588583 0 P 0
L 2.9005906 0.8415355 2.9005906 0.8828741 0 P 0
L 2.9045276 0.652559 2.9045276 0.6938976 0 P 0
L 2.910433 0.4438976 2.910433 0.4852362 0 P 0
L 2.910433 0.4438976 2.9320866 0.4438976 0 P 0
L 2.910433 0.4852362 2.9320866 0.4852362 0 P 0
L 2.910433 0.8612205 2.910433 0.9025591 0 P 0
L 2.910433 0.8612205 2.9320866 0.8612205 0 P 0
L 2.910433 0.9025591 2.9320866 0.9025591 0 P 0
L 2.9127953 0.1706693 2.9127953 0.1836615 0 P 0
L 2.9127953 0.1706693 2.9127953 0.1836615 0 P 0
L 2.9127953 0.1706693 2.9375984 0.1706693 0 P 0
L 2.9127953 0.1706693 2.9375984 0.1706693 0 P 0
L 2.9127953 0.1836615 2.9375984 0.1836615 0 P 0
L 2.9127953 0.1836615 2.9375984 0.1836615 0 P 0
L 2.9127953 0.1982283 2.9127953 0.2112205 0 P 0
L 2.9127953 0.1982283 2.9127953 0.2112205 0 P 0
L 2.9127953 0.1982283 2.9375984 0.1982283 0 P 0
L 2.9127953 0.1982283 2.9375984 0.1982283 0 P 0
L 2.9127953 0.2112205 2.9375984 0.2112205 0 P 0
L 2.9127953 0.2112205 2.9375984 0.2112205 0 P 0
L 2.9153543 1.0492127 2.9153543 1.1161418 0 P 0
L 2.9202756 0.7057086 2.9202756 0.7273622 0 P 0
L 2.9202756 0.7057086 2.9616142 0.7057086 0 P 0
L 2.9202756 0.7273622 2.9616142 0.7273622 0 P 0
L 2.9202756 0.819882 2.9202756 0.8415355 0 P 0
L 2.9202756 0.819882 2.9616142 0.819882 0 P 0
L 2.9202756 0.8415355 2.9616142 0.8415355 0 P 0
L 2.9246063 0.9895668 2.9246063 1.002559 0 P 0
L 2.9246063 0.9895668 2.9494094 0.9895668 0 P 0
L 2.9246063 1.002559 2.9494094 1.002559 0 P 0
L 2.9261811 0.7687008 2.9261811 0.7903543 0 P 0
L 2.9320866 0.4438976 2.9320866 0.4852362 0 P 0
L 2.9320866 0.8612205 2.9320866 0.9025591 0 P 0
L 2.9324803 0.2257874 2.9324803 0.2387796 0 P 0
L 2.9324803 0.2257874 2.9324803 0.2387796 0 P 0
L 2.9324803 0.2257874 2.9572834 0.2257874 0 P 0
L 2.9324803 0.2257874 2.9572834 0.2257874 0 P 0
L 2.9324803 0.2387796 2.9572834 0.2387796 0 P 0
L 2.9324803 0.2387796 2.9572834 0.2387796 0 P 0
L 2.9324803 0.2533464 2.9324803 0.2663386 0 P 0
L 2.9324803 0.2533464 2.9324803 0.2663386 0 P 0
L 2.9324803 0.2533464 2.9572834 0.2533464 0 P 0
L 2.9324803 0.2533464 2.9572834 0.2533464 0 P 0
L 2.9324803 0.2663386 2.9572834 0.2663386 0 P 0
L 2.9324803 0.2663386 2.9572834 0.2663386 0 P 0
L 2.9375984 0.1706693 2.9375984 0.1836615 0 P 0
L 2.9375984 0.1706693 2.9375984 0.1836615 0 P 0
L 2.9375984 0.1982283 2.9375984 0.2112205 0 P 0
L 2.9375984 0.1982283 2.9375984 0.2112205 0 P 0
L 2.9419291 0.7372047 2.9419291 0.7588583 0 P 0
L 2.9419291 1.089567 2.9419291 1.1309056 0 P 0
L 2.9419291 1.089567 2.9635827 1.089567 0 P 0
L 2.9419291 1.1309056 2.9635827 1.1309056 0 P 0
L 2.9462597 1.0348427 2.9462597 1.0596458 0 P 0
L 2.9462597 1.0348427 2.9592519 1.0348427 0 P 0
L 2.9462597 1.0596458 2.9592519 1.0596458 0 P 0
L 2.9494094 0.9895668 2.9494094 1.002559 0 P 0
L 2.9572834 0.2257874 2.9572834 0.2387796 0 P 0
L 2.9572834 0.2257874 2.9572834 0.2387796 0 P 0
L 2.9572834 0.2533464 2.9572834 0.2663386 0 P 0
L 2.9572834 0.2533464 2.9572834 0.2663386 0 P 0
L 2.9592519 1.0348427 2.9592519 1.0596458 0 P 0
L 2.9616142 0.7057086 2.9616142 0.7273622 0 P 0
L 2.9616142 0.819882 2.9616142 0.8415355 0 P 0
L 2.9635827 1.089567 2.9635827 1.1309056 0 P 0
L 2.9783464 1.0492127 2.9783464 1.1161418 0 P 0
L 2.9783464 1.0492127 3.0137795 1.0492127 0 P 0
L 2.9783464 1.1161418 3.0137795 1.1161418 0 P 0
L 2.9812992 0.8257874 2.9812992 0.867126 0 P 0
L 2.9812992 0.8257874 3.0029528 0.8257874 0 P 0
L 2.9812992 0.867126 3.0029528 0.867126 0 P 0
L 2.9875985 0.2257874 2.9875985 0.2387796 0 P 0
L 2.9875985 0.2257874 2.9875985 0.2387796 0 P 0
L 2.9875985 0.2257874 3.0124016 0.2257874 0 P 0
L 2.9875985 0.2257874 3.0124016 0.2257874 0 P 0
L 2.9875985 0.2387796 3.0124016 0.2387796 0 P 0
L 2.9875985 0.2387796 3.0124016 0.2387796 0 P 0
L 2.9875985 0.2533464 2.9875985 0.2663386 0 P 0
L 2.9875985 0.2533464 2.9875985 0.2663386 0 P 0
L 2.9875985 0.2533464 3.0124016 0.2533464 0 P 0
L 2.9875985 0.2533464 3.0124016 0.2533464 0 P 0
L 2.9875985 0.2663386 3.0124016 0.2663386 0 P 0
L 2.9875985 0.2663386 3.0124016 0.2663386 0 P 0
L 3.0029528 0.8257874 3.0029528 0.867126 0 P 0
L 3.0072835 0.1706693 3.0072835 0.1836615 0 P 0
L 3.0072835 0.1706693 3.0072835 0.1836615 0 P 0
L 3.0072835 0.1706693 3.0320866 0.1706693 0 P 0
L 3.0072835 0.1706693 3.0320866 0.1706693 0 P 0
L 3.0072835 0.1836615 3.0320866 0.1836615 0 P 0
L 3.0072835 0.1836615 3.0320866 0.1836615 0 P 0
L 3.0072835 0.1982283 3.0072835 0.2112205 0 P 0
L 3.0072835 0.1982283 3.0072835 0.2112205 0 P 0
L 3.0072835 0.1982283 3.0320866 0.1982283 0 P 0
L 3.0072835 0.1982283 3.0320866 0.1982283 0 P 0
L 3.0072835 0.2112205 3.0320866 0.2112205 0 P 0
L 3.0072835 0.2112205 3.0320866 0.2112205 0 P 0
L 3.0112205 0.989567 3.0112205 1.0025592 0 P 0
L 3.0112205 0.989567 3.0360236 0.989567 0 P 0
L 3.0112205 1.0025592 3.0360236 1.0025592 0 P 0
L 3.0124016 0.2257874 3.0124016 0.2387796 0 P 0
L 3.0124016 0.2257874 3.0124016 0.2387796 0 P 0
L 3.0124016 0.2533464 3.0124016 0.2663386 0 P 0
L 3.0124016 0.2533464 3.0124016 0.2663386 0 P 0
L 3.0137795 1.0492127 3.0137795 1.1161418 0 P 0
L 3.0285433 0.4438976 3.0285433 0.4852362 0 P 0
L 3.0285433 0.4438976 3.0501969 0.4438976 0 P 0
L 3.0285433 0.4852362 3.0501969 0.4852362 0 P 0
L 3.0320866 0.1706693 3.0320866 0.1836615 0 P 0
L 3.0320866 0.1706693 3.0320866 0.1836615 0 P 0
L 3.0320866 0.1982283 3.0320866 0.2112205 0 P 0
L 3.0320866 0.1982283 3.0320866 0.2112205 0 P 0
L 3.0360236 0.989567 3.0360236 1.0025592 0 P 0
L 3.0403543 1.089567 3.0403543 1.1309056 0 P 0
L 3.0403543 1.089567 3.0620079 1.089567 0 P 0
L 3.0403543 1.1309056 3.0620079 1.1309056 0 P 0
L 3.0446849 1.0348427 3.0446849 1.0596458 0 P 0
L 3.0446849 1.0348427 3.0576771 1.0348427 0 P 0
L 3.0446849 1.0596458 3.0576771 1.0596458 0 P 0
L 3.0501969 0.4438976 3.0501969 0.4852362 0 P 0
L 3.0576771 1.0348427 3.0576771 1.0596458 0 P 0
L 3.0620079 1.089567 3.0620079 1.1309056 0 P 0
L 3.0639763 0.4438976 3.0639763 0.4852362 0 P 0
L 3.0639763 0.4438976 3.0856299 0.4438976 0 P 0
L 3.0639763 0.4852362 3.0856299 0.4852362 0 P 0
L 3.0767716 1.0492127 3.0767716 1.1161418 0 P 0
L 3.0767716 1.0492127 3.1122047 1.0492127 0 P 0
L 3.0767716 1.1161418 3.1122047 1.1161418 0 P 0
L 3.0856299 0.4438976 3.0856299 0.4852362 0 P 0
L 3.0978347 0.4618111 3.0978347 0.9566929 0 P 0
L 3.1023622 0.1574803 3.1023622 0.7688976 0 P 0
L 3.1122047 1.0492127 3.1122047 1.1161418 0 P 0
L 3.1377175 0.8542529 3.1496063 0.8661417 0 P 0
L 3.1496063 0.8661417 3.1496063 1.1811024 0 P 0
