#Layer_Color=8388736
#
#Feature symbol names
#
$0 r6.5

#
#Feature attribute names
#

#
#Layer features
#
A 0 0.7078216 0.0787402 0.7874016 -0.00042 0.7869818 0 P 0 N
A 0.0393701 0.3543307 0.0662534 0.3654661 0.0393701 0.3923494 0 P 0 N
A 0.0669291 0.4212598 0.0384146 0.4330709 0.0384146 0.3927453 0 P 0 N
A 0.0676048 0.3668175 0.0787402 0.3937008 0.0407215 0.3937008 0 P 0 N
A 0.0787402 0.3937008 0.0676048 0.4205841 0.0407215 0.3937008 0 P 0 N
A 0.0787402 0.7874016 0 0.8669643 -0.0004112 0.7878129 0 P 0 N
A 1.7283464 0.1496063 1.7086614 0.1299213 1.7283464 0.1299213 0 P 0 N
A 1.7480315 0.1299213 1.7283465 0.1496063 1.7283465 0.1299213 0 P 0 N
A 3.1496062 0.3937006 3.1889764 0.3543304 3.1889764 0.3937006 0 P 0 N
A 3.1496063 0.7874016 3.2283464 0.7078389 3.2287577 0.7869903 0 P 0 N
A 3.1889764 0.3543304 3.1889766 0.3543305 3.1889764 0.3543307 0 P 0 N
A 3.1889764 0.4330709 3.1496062 0.3937007 3.1889764 0.3937007 0 P 0 N
A 3.2283464 0.3543305 3.2283465 0.3543305 3.2283464 0.3543306 0 P 0 N
A 3.2283464 0.4330707 3.2283463 0.4330709 3.2283464 0.4330708 0 P 0 N
A 3.2283464 0.4330708 3.2283465 0.4330708 3.2283465 0.4330709 0 P 0 N
A 3.2283464 0.7078388 3.2283465 0.7078388 3.2283464 0.7078389 0 P 0 N
A 3.2283464 0.8669817 3.1496062 0.7874016 3.2287663 0.7878216 0 P 0 N
A 3.2283464 1.1811023 3.2283465 1.1811022 3.2283465 1.1811024 0 P 0 N
L 0 0 0 0.3543307 0 P 0
L 0 0 1.7086614 0 0 P 0
L 0 0.3543307 0.0393701 0.3543307 0 P 0
L 0 0.4330709 0 0.7078215 0 P 0
L 0 0.8669643 0 1.1811024 0 P 0
L 0 1.1811024 3.2283465 1.1811024 0 P 0
L 0.0013324 0.4330709 0.0384146 0.4330709 0 P 0
L 1.7086614 0 1.7086614 0.1299213 0 P 0
L 1.7480315 0 1.7480315 0.1299213 0 P 0
L 1.7480315 0 3.2283465 0 0 P 0
L 3.1889764 0.4330709 3.2283463 0.4330709 0 P 0
L 3.1889766 0.3543305 3.2283464 0.3543305 0 P 0
L 3.2283464 0.4330707 3.2283464 0.4330708 0 P 0
L 3.2283464 0.8669817 3.2283464 1.1811022 0 P 0
L 3.2283464 1.1811023 3.2283465 1.1811024 0 P 0
L 3.2283465 0 3.2283465 0.3543305 0 P 0
L 3.2283465 0.4330708 3.2283465 0.7078388 0 P 0
