#Layer_Color=32768
#
#Feature symbol names
#
$0 r3.937
$1 r1.9685

#
#Feature attribute names
#

#
#Layer features
#
L 0.0895669 0.9114172 0.0895669 0.9625984 1 P 0
L 0.0895669 0.9114172 0.1151575 0.9114172 1 P 0
L 0.0895669 0.9625984 0.1151575 0.9625984 1 P 0
L 0.0958661 0.9370078 0.1088583 0.9370078 0 P 0
L 0.1023622 0.9305117 0.1023622 0.9435038 0 P 0
L 0.1043307 0.9763779 0.1043307 1.1338582 1 P 0
L 0.1043307 0.9763779 0.2185039 0.9763779 1 P 0
L 0.1043307 1.1338582 0.2185039 1.1338582 1 P 0
L 0.1151575 0.9114172 0.1151575 0.9625984 1 P 0
L 0.1279527 0.1692914 0.1279527 0.2637796 0 P 0
L 0.1279527 0.1692914 0.1712598 0.1692914 0 P 0
L 0.1279527 0.2637796 0.1712598 0.2637796 0 P 0
L 0.1309054 0.2165355 0.168307 0.2165355 0 P 0
L 0.1338583 1.031496 0.1338583 1.0944881 1 P 0
L 0.1338583 1.031496 0.1653544 1.031496 1 P 0
L 0.1338583 1.0944881 0.1653544 1.0944881 1 P 0
L 0.1342519 0.2785039 0.1342519 0.341496 1 P 0
L 0.1342519 0.2785039 0.165748 0.2785039 1 P 0
L 0.1342519 0.341496 0.165748 0.341496 1 P 0
L 0.138504 0.3642519 0.138504 0.395748 1 P 0
L 0.138504 0.3642519 0.2014961 0.3642519 1 P 0
L 0.138504 0.395748 0.2014961 0.395748 1 P 0
L 0.1387795 1.0629921 0.1604331 1.0629921 0 P 0
L 0.1391732 0.31 0.1608268 0.31 0 P 0
L 0.1417322 0.7440946 0.1417322 0.8070867 1 P 0
L 0.1417322 0.7440946 0.1732283 0.7440946 1 P 0
L 0.1417322 0.8070867 0.1732283 0.8070867 1 P 0
L 0.1417323 0.972441 0.1417323 1.0039371 1 P 0
L 0.1417323 0.972441 0.2047244 0.972441 1 P 0
L 0.1417323 1.0039371 0.2047244 1.0039371 1 P 0
L 0.1417323 1.055118 0.1811023 1.055118 0 P 0
L 0.1446851 0.8090551 0.1446851 0.8602363 1 P 0
L 0.1446851 0.8090551 0.1702757 0.8090551 1 P 0
L 0.1446851 0.8602363 0.1702757 0.8602363 1 P 0
L 0.1466535 0.7755906 0.1683071 0.7755906 0 P 0
L 0.1496062 0.1978347 0.1496062 0.2352362 0 P 0
L 0.1496063 0.4448818 0.1496063 0.4763779 1 P 0
L 0.1496063 0.4448818 0.2125984 0.4448818 1 P 0
L 0.1496063 0.4763779 0.2125984 0.4763779 1 P 0
L 0.1496063 1.0521653 0.1496063 1.0738188 0 P 0
L 0.15 0.2991732 0.15 0.3208267 0 P 0
L 0.1509843 0.8346457 0.1639765 0.8346457 0 P 0
L 0.1574803 0.7647639 0.1574803 0.7864174 0 P 0
L 0.1574804 0.8281497 0.1574804 0.8411418 0 P 0
L 0.1591733 0.38 0.1808268 0.38 0 P 0
L 0.1614173 0.5905512 0.1614173 0.6220473 1 P 0
L 0.1614173 0.5905512 0.2244094 0.5905512 1 P 0
L 0.1614173 0.6220473 0.2244094 0.6220473 1 P 0
L 0.1614173 1.035433 0.1614173 1.0748031 0 P 0
L 0.1624016 0.988189 0.1840551 0.988189 0 P 0
L 0.1653544 1.031496 0.1653544 1.0944881 1 P 0
L 0.165748 0.2785039 0.165748 0.341496 1 P 0
L 0.17 0.3691732 0.17 0.3908268 0 P 0
L 0.1702756 0.4606299 0.1919291 0.4606299 0 P 0
L 0.1702757 0.8090551 0.1702757 0.8602363 1 P 0
L 0.1712598 0.1692914 0.1712598 0.2637796 0 P 0
L 0.1732282 0.6259843 0.1732282 0.7834646 1 P 0
L 0.1732282 0.6259843 0.3307085 0.6259843 1 P 0
L 0.1732282 0.7834646 0.3307085 0.7834646 1 P 0
L 0.1732283 0.7440946 0.1732283 0.8070867 1 P 0
L 0.1732283 0.9773622 0.1732283 0.9990158 0 P 0
L 0.1771654 0.7834646 0.1771654 0.8149607 1 P 0
L 0.1771654 0.7834646 0.2401575 0.7834646 1 P 0
L 0.1771654 0.8149607 0.1771654 0.8464568 1 P 0
L 0.1771654 0.8149607 0.2401575 0.8149607 1 P 0
L 0.1771654 0.8149607 0.2401575 0.8149607 1 P 0
L 0.1771654 0.8464568 0.2401575 0.8464568 1 P 0
L 0.1811024 0.4498031 0.1811024 0.4714567 0 P 0
L 0.1820866 0.6062992 0.2037401 0.6062992 0 P 0
L 0.1929133 0.5954724 0.1929133 0.617126 0 P 0
L 0.1948818 0.4675196 0.1948818 0.4931102 1 P 0
L 0.1948818 0.4675196 0.246063 0.4675196 1 P 0
L 0.1948818 0.4931102 0.246063 0.4931102 1 P 0
L 0.1978347 0.7992126 0.2194882 0.7992126 0 P 0
L 0.1978347 0.8307087 0.2194882 0.8307087 0 P 0
L 0.2014961 0.3642519 0.2014961 0.395748 1 P 0
L 0.2047244 0.972441 0.2047244 1.0039371 1 P 0
L 0.2086614 0.7883858 0.2086614 0.8100394 0 P 0
L 0.2086614 0.8198819 0.2086614 0.8415355 0 P 0
L 0.2125984 0.4448818 0.2125984 0.4763779 1 P 0
L 0.2139763 0.4803149 0.2269684 0.4803149 0 P 0
L 0.2185039 0.9763779 0.2185039 1.1338582 1 P 0
L 0.2204724 0.4738188 0.2204724 0.486811 0 P 0
L 0.2244094 0.5905512 0.2244094 0.6220473 1 P 0
L 0.2306692 0.2356693 0.2306692 0.4443308 1 P 0
L 0.2306692 0.2356693 0.4393307 0.2356693 1 P 0
L 0.2306692 0.4443308 0.4393307 0.4443308 1 P 0
L 0.2306693 0.2356692 0.2306693 0.4443307 1 P 0
L 0.2306693 0.2356692 0.4393308 0.2356692 1 P 0
L 0.2306693 0.4443307 0.4393308 0.4443307 1 P 0
L 0.2322835 0.1692913 0.2322835 0.2007874 1 P 0
L 0.2322835 0.1692913 0.2952756 0.1692913 1 P 0
L 0.2322835 0.1692914 0.2322835 0.2007875 1 P 0
L 0.2322835 0.1692914 0.2952756 0.1692914 1 P 0
L 0.2322835 0.2007874 0.2952756 0.2007874 1 P 0
L 0.2322835 0.2007875 0.2952756 0.2007875 1 P 0
L 0.2401575 0.7834646 0.2401575 0.8149607 1 P 0
L 0.2401575 0.8149607 0.2401575 0.8464568 1 P 0
L 0.2401575 0.8228346 0.2401575 0.8858267 1 P 0
L 0.2401575 0.8228346 0.2716536 0.8228346 1 P 0
L 0.2401575 0.8858267 0.2716536 0.8858267 1 P 0
L 0.2401575 0.9724409 0.2401575 1.035433 1 P 0
L 0.2401575 0.9724409 0.2716536 0.9724409 1 P 0
L 0.2401575 1.035433 0.2716536 1.035433 1 P 0
L 0.2440944 1.047244 0.2440944 1.1259842 1 P 0
L 0.2440944 1.047244 0.3779527 1.047244 1 P 0
L 0.2440944 1.1259842 0.3779527 1.1259842 1 P 0
L 0.2450787 0.8543307 0.2667323 0.8543307 0 P 0
L 0.2450787 1.0039369 0.2667323 1.0039369 0 P 0
L 0.2460629 0.577756 0.2460629 0.6033466 1 P 0
L 0.2460629 0.577756 0.2972441 0.577756 1 P 0
L 0.2460629 0.6033466 0.2972441 0.6033466 1 P 0
L 0.246063 0.4675196 0.246063 0.4931102 1 P 0
L 0.2494094 0.2072046 0.2494094 0.2327952 1 P 0
L 0.2494094 0.2072046 0.3005906 0.2072046 1 P 0
L 0.2494094 0.2327952 0.3005906 0.2327952 1 P 0
L 0.2519685 0.464567 0.2519685 0.4960631 1 P 0
L 0.2519685 0.464567 0.3149606 0.464567 1 P 0
L 0.2519685 0.4960631 0.3149606 0.4960631 1 P 0
L 0.2529528 0.1850394 0.2746063 0.1850394 0 P 0
L 0.2529528 0.1850394 0.2746063 0.1850394 0 P 0
L 0.2559055 0.8435039 0.2559055 0.8651574 0 P 0
L 0.2559055 0.9931102 0.2559055 1.0147637 0 P 0
L 0.2637795 0.1742126 0.2637795 0.1958662 0 P 0
L 0.2637795 0.1742126 0.2637795 0.1958662 0 P 0
L 0.2651574 0.5905513 0.2781495 0.5905513 0 P 0
L 0.2685039 0.2199999 0.281496 0.2199999 0 P 0
L 0.2716535 0.5840552 0.2716535 0.5970474 0 P 0
L 0.2716536 0.8228346 0.2716536 0.8858267 1 P 0
L 0.2716536 0.9724409 0.2716536 1.035433 1 P 0
L 0.2726378 0.480315 0.2942913 0.480315 0 P 0
L 0.273622 0.7864174 0.273622 0.812008 1 P 0
L 0.273622 0.7864174 0.3248032 0.7864174 1 P 0
L 0.273622 0.812008 0.3248032 0.812008 1 P 0
L 0.275 0.2135038 0.275 0.226496 0 P 0
L 0.2834646 0.4694882 0.2834646 0.4911418 0 P 0
L 0.2874016 0.8937007 0.2874016 1.0196849 1 P 0
L 0.2874016 0.8937007 0.3897638 0.8937007 1 P 0
L 0.2874016 1.0196849 0.3897638 1.0196849 1 P 0
L 0.2913385 1.0866141 0.3307086 1.0866141 0 P 0
L 0.2927165 0.7992127 0.3057086 0.7992127 0 P 0
L 0.2952756 0.1692913 0.2952756 0.2007874 1 P 0
L 0.2952756 0.1692914 0.2952756 0.2007875 1 P 0
L 0.2952756 0.1692914 0.2952756 0.2007875 1 P 0
L 0.2952756 0.1692914 0.3582677 0.1692914 1 P 0
L 0.2952756 0.2007875 0.3582677 0.2007875 1 P 0
L 0.2972441 0.577756 0.2972441 0.6033466 1 P 0
L 0.2992126 0.7927166 0.2992126 0.8057088 0 P 0
L 0.3005906 0.2072046 0.3005906 0.2327952 1 P 0
L 0.3021652 0.1751968 0.3021652 0.226378 1 P 0
L 0.3021652 0.1751968 0.3277558 0.1751968 1 P 0
L 0.3021652 0.226378 0.3277558 0.226378 1 P 0
L 0.3084644 0.2007874 0.3214566 0.2007874 0 P 0
L 0.3110236 1.0669291 0.3110236 1.1062991 0 P 0
L 0.3149605 0.1942913 0.3149605 0.2072834 0 P 0
L 0.3149606 0.464567 0.3149606 0.4960631 1 P 0
L 0.3153149 0.3400001 0.354685 0.3400001 0 P 0
L 0.315315 0.34 0.3546851 0.34 0 P 0
L 0.3159449 0.1850394 0.3375984 0.1850394 0 P 0
L 0.3188976 0.9566928 0.3582677 0.9566928 0 P 0
L 0.3244094 0.2072048 0.3244094 0.2327954 1 P 0
L 0.3244094 0.2072048 0.3755906 0.2072048 1 P 0
L 0.3244094 0.2327954 0.3755906 0.2327954 1 P 0
L 0.3248032 0.7864174 0.3248032 0.812008 1 P 0
L 0.3267716 0.1692914 0.3267716 0.2322835 1 P 0
L 0.3267716 0.1692914 0.3582677 0.1692914 1 P 0
L 0.3267716 0.2322835 0.3582677 0.2322835 1 P 0
L 0.3267717 0.1742126 0.3267717 0.1958662 0 P 0
L 0.3277558 0.1751968 0.3277558 0.226378 1 P 0
L 0.3307085 0.6259843 0.3307085 0.7834646 1 P 0
L 0.3316929 0.2007874 0.3533465 0.2007874 0 P 0
L 0.335 0.3203149 0.335 0.359685 0 P 0
L 0.335 0.320315 0.335 0.3596851 0 P 0
L 0.3385827 0.9370077 0.3385827 0.9763778 0 P 0
L 0.3425197 0.1899607 0.3425197 0.2116142 0 P 0
L 0.343504 0.2200001 0.3564961 0.2200001 0 P 0
L 0.35 0.213504 0.35 0.2264962 0 P 0
L 0.3543308 0.464567 0.3543308 0.4960631 1 P 0
L 0.3543308 0.464567 0.4173229 0.464567 1 P 0
L 0.3543308 0.4960631 0.4173229 0.4960631 1 P 0
L 0.3582677 0.1692914 0.3582677 0.2007875 1 P 0
L 0.3582677 0.1692914 0.3582677 0.2322835 1 P 0
L 0.3612203 0.1791338 0.3612203 0.230315 1 P 0
L 0.3612203 0.1791338 0.3868109 0.1791338 1 P 0
L 0.3612203 0.230315 0.3868109 0.230315 1 P 0
L 0.3675195 0.2047244 0.3805117 0.2047244 0 P 0
L 0.3740156 0.1982283 0.3740156 0.2112204 0 P 0
L 0.3750001 0.480315 0.3966536 0.480315 0 P 0
L 0.3755906 0.2072048 0.3755906 0.2327954 1 P 0
L 0.3759842 0.5816929 0.3759842 0.6072835 1 P 0
L 0.3759842 0.5816929 0.4271654 0.5816929 1 P 0
L 0.3759842 0.6072835 0.4271654 0.6072835 1 P 0
L 0.3759842 0.613189 0.3759842 0.6387796 1 P 0
L 0.3759842 0.613189 0.4271654 0.613189 1 P 0
L 0.3759842 0.6387796 0.4271654 0.6387796 1 P 0
L 0.3759842 0.644685 0.3759842 0.6702756 1 P 0
L 0.3759842 0.644685 0.4271654 0.644685 1 P 0
L 0.3759842 0.6702756 0.4271654 0.6702756 1 P 0
L 0.3759842 0.6761811 0.3759842 0.7017717 1 P 0
L 0.3759842 0.6761811 0.4271654 0.6761811 1 P 0
L 0.3759842 0.7017717 0.4271654 0.7017717 1 P 0
L 0.3759842 0.7076771 0.3759842 0.7332677 1 P 0
L 0.3759842 0.7076771 0.4271654 0.7076771 1 P 0
L 0.3759842 0.7332677 0.4271654 0.7332677 1 P 0
L 0.3759842 0.7391732 0.3759842 0.7647638 1 P 0
L 0.3759842 0.7391732 0.4271654 0.7391732 1 P 0
L 0.3759842 0.7647638 0.4271654 0.7647638 1 P 0
L 0.3779527 1.047244 0.3779527 1.1259842 1 P 0
L 0.3858267 0.5157481 0.3858267 0.5787402 1 P 0
L 0.3858267 0.5157481 0.4173228 0.5157481 1 P 0
L 0.3858267 0.5787402 0.4173228 0.5787402 1 P 0
L 0.3858268 0.4694882 0.3858268 0.4911418 0 P 0
L 0.3868109 0.1791338 0.3868109 0.230315 1 P 0
L 0.3897638 0.8937007 0.3897638 1.0196849 1 P 0
L 0.390748 0.5472441 0.4124016 0.5472441 0 P 0
L 0.3950788 0.5944882 0.4080709 0.5944882 0 P 0
L 0.3950788 0.6259843 0.4080709 0.6259843 0 P 0
L 0.3950788 0.6574803 0.4080709 0.6574803 0 P 0
L 0.3950788 0.6889764 0.4080709 0.6889764 0 P 0
L 0.3950788 0.7204724 0.4080709 0.7204724 0 P 0
L 0.3950788 0.7519685 0.4080709 0.7519685 0 P 0
L 0.4015748 0.5364174 0.4015748 0.5580709 0 P 0
L 0.4015748 0.5879921 0.4015748 0.6009843 0 P 0
L 0.4015748 0.6194882 0.4015748 0.6324804 0 P 0
L 0.4015748 0.6509842 0.4015748 0.6639764 0 P 0
L 0.4015748 0.6824803 0.4015748 0.6954725 0 P 0
L 0.4015748 0.7139763 0.4015748 0.7269685 0 P 0
L 0.4015748 0.7454724 0.4015748 0.7584646 0 P 0
L 0.4173228 0.5157481 0.4173228 0.5787402 1 P 0
L 0.4173229 0.464567 0.4173229 0.4960631 1 P 0
L 0.4232283 0.4675196 0.4232283 0.4931102 1 P 0
L 0.4232283 0.4675196 0.4744095 0.4675196 1 P 0
L 0.4232283 0.4931102 0.4744095 0.4931102 1 P 0
L 0.4271654 0.5816929 0.4271654 0.6072835 1 P 0
L 0.4271654 0.613189 0.4271654 0.6387796 1 P 0
L 0.4271654 0.644685 0.4271654 0.6702756 1 P 0
L 0.4271654 0.6761811 0.4271654 0.7017717 1 P 0
L 0.4271654 0.7076771 0.4271654 0.7332677 1 P 0
L 0.4271654 0.7391732 0.4271654 0.7647638 1 P 0
L 0.4330708 0.535433 0.4330708 1.1259842 1 P 0
L 0.4330708 0.535433 0.7874015 0.535433 1 P 0
L 0.4330708 1.1259842 0.7874015 1.1259842 1 P 0
L 0.4393307 0.2356693 0.4393307 0.4443308 1 P 0
L 0.4393308 0.2356692 0.4393308 0.4443307 1 P 0
L 0.4423229 0.4803149 0.455315 0.4803149 0 P 0
L 0.4488189 0.4738188 0.4488189 0.486811 0 P 0
L 0.452756 0.5629922 0.452756 0.5944883 1 P 0
L 0.452756 0.5629922 0.5157481 0.5629922 1 P 0
L 0.452756 0.5944883 0.5157481 0.5944883 1 P 0
L 0.4557085 0.6003937 0.4557085 0.6515749 1 P 0
L 0.4557085 0.6003937 0.4812991 0.6003937 1 P 0
L 0.4557085 0.6515749 0.4812991 0.6515749 1 P 0
L 0.4557085 0.6633858 0.4557085 0.714567 1 P 0
L 0.4557085 0.6633858 0.4812991 0.6633858 1 P 0
L 0.4557085 0.714567 0.4812991 0.714567 1 P 0
L 0.4557085 0.9153543 0.4557085 0.9665355 1 P 0
L 0.4557085 0.9153543 0.4812991 0.9153543 1 P 0
L 0.4557085 0.9665355 0.4812991 0.9665355 1 P 0
L 0.4557087 0.9783464 0.4557087 1.0295276 1 P 0
L 0.4557087 0.9783464 0.4812993 0.9783464 1 P 0
L 0.4557087 1.0295276 0.4812993 1.0295276 1 P 0
L 0.4557087 1.0413385 0.4557087 1.0925197 1 P 0
L 0.4557087 1.0413385 0.4812993 1.0413385 1 P 0
L 0.4557087 1.0925197 0.4812993 1.0925197 1 P 0
L 0.4586614 0.8494093 0.4586614 0.8749999 1 P 0
L 0.4586614 0.8494093 0.5098426 0.8494093 1 P 0
L 0.4586614 0.8749999 0.5098426 0.8749999 1 P 0
L 0.4620077 0.6259843 0.4749999 0.6259843 0 P 0
L 0.4620077 0.6889764 0.4749999 0.6889764 0 P 0
L 0.4620077 0.9409449 0.4749999 0.9409449 0 P 0
L 0.4620079 1.003937 0.4750001 1.003937 0 P 0
L 0.4620079 1.0669291 0.4750001 1.0669291 0 P 0
L 0.4685038 0.6194882 0.4685038 0.6324803 0 P 0
L 0.4685038 0.6824803 0.4685038 0.6954724 0 P 0
L 0.4685038 0.9344488 0.4685038 0.9474409 0 P 0
L 0.468504 0.997441 0.468504 1.0104331 0 P 0
L 0.468504 1.0604331 0.468504 1.0734252 0 P 0
L 0.4734253 0.5787402 0.4950788 0.5787402 0 P 0
L 0.4744095 0.4675196 0.4744095 0.4931102 1 P 0
L 0.477756 0.8622046 0.4907481 0.8622046 0 P 0
L 0.4783465 0.1673228 0.4783465 0.2027559 1 P 0
L 0.4783465 0.1673228 0.5492126 0.1673228 1 P 0
L 0.4783465 0.2027559 0.5492126 0.2027559 1 P 0
L 0.4812991 0.6003937 0.4812991 0.6515749 1 P 0
L 0.4812991 0.6633858 0.4812991 0.714567 1 P 0
L 0.4812991 0.9153543 0.4812991 0.9665355 1 P 0
L 0.4812993 0.9783464 0.4812993 1.0295276 1 P 0
L 0.4812993 1.0413385 0.4812993 1.0925197 1 P 0
L 0.484252 0.5679134 0.484252 0.589567 0 P 0
L 0.484252 0.8557085 0.484252 0.8687007 0 P 0
L 0.4891731 0.8179133 0.4891731 0.8435039 1 P 0
L 0.4891731 0.8179133 0.5403543 0.8179133 1 P 0
L 0.4891731 0.8435039 0.5403543 0.8435039 1 P 0
L 0.4901574 1.0068898 0.4901574 1.0324804 1 P 0
L 0.4901574 1.0068898 0.5413386 1.0068898 1 P 0
L 0.4901574 1.0324804 0.5413386 1.0324804 1 P 0
L 0.5029528 0.1850394 0.5246063 0.1850394 0 P 0
L 0.5082677 0.8307086 0.5212598 0.8307086 0 P 0
L 0.5092519 1.0196851 0.522244 1.0196851 0 P 0
L 0.5098426 0.8494093 0.5098426 0.8749999 1 P 0
L 0.5137796 0.1742126 0.5137796 0.1958661 0 P 0
L 0.5147637 0.8242125 0.5147637 0.8372047 0 P 0
L 0.515748 1.013189 0.515748 1.0261812 0 P 0
L 0.5157481 0.5629922 0.5157481 0.5944883 1 P 0
L 0.5187007 0.757874 0.5187007 0.8090552 1 P 0
L 0.5187007 0.757874 0.5442913 0.757874 1 P 0
L 0.5187007 0.8090552 0.5442913 0.8090552 1 P 0
L 0.519685 0.3700787 0.519685 0.4330708 1 P 0
L 0.519685 0.3700787 0.5511811 0.3700787 1 P 0
L 0.519685 0.4330708 0.5511811 0.4330708 1 P 0
L 0.5226377 0.2106299 0.5226377 0.2618111 1 P 0
L 0.5226377 0.2106299 0.5482283 0.2106299 1 P 0
L 0.5226377 0.2618111 0.5482283 0.2618111 1 P 0
L 0.5246063 0.4015748 0.5462599 0.4015748 0 P 0
L 0.5249999 0.7834646 0.5379921 0.7834646 0 P 0
L 0.5289369 0.2362205 0.5419291 0.2362205 0 P 0
L 0.531496 0.7769685 0.531496 0.7899606 0 P 0
L 0.535433 0.2297245 0.535433 0.2427166 0 P 0
L 0.5354331 0.390748 0.5354331 0.4124015 0 P 0
L 0.5403543 0.8179133 0.5403543 0.8435039 1 P 0
L 0.5413386 1.0068898 0.5413386 1.0324804 1 P 0
L 0.5442913 0.757874 0.5442913 0.8090552 1 P 0
L 0.5482283 0.2106299 0.5482283 0.2618111 1 P 0
L 0.5492126 0.1673228 0.5492126 0.2027559 1 P 0
L 0.5511811 0.3700787 0.5511811 0.4330708 1 P 0
L 0.5521653 0.5659449 0.5521653 0.5915355 1 P 0
L 0.5521653 0.5659449 0.6033465 0.5659449 1 P 0
L 0.5521653 0.5915355 0.6033465 0.5915355 1 P 0
L 0.5521653 0.5974409 0.5521653 0.6230315 1 P 0
L 0.5521653 0.5974409 0.6033465 0.5974409 1 P 0
L 0.5521653 0.6230315 0.6033465 0.6230315 1 P 0
L 0.5521653 0.628937 0.5521653 0.6545276 1 P 0
L 0.5521653 0.628937 0.6033465 0.628937 1 P 0
L 0.5521653 0.6545276 0.6033465 0.6545276 1 P 0
L 0.5521653 0.660433 0.5521653 0.6860236 1 P 0
L 0.5521653 0.660433 0.6033465 0.660433 1 P 0
L 0.5521653 0.6860236 0.6033465 0.6860236 1 P 0
L 0.5521653 0.6919291 0.5521653 0.7175197 1 P 0
L 0.5521653 0.6919291 0.6033465 0.6919291 1 P 0
L 0.5521653 0.7175197 0.6033465 0.7175197 1 P 0
L 0.5521653 0.7234252 0.5521653 0.7490158 1 P 0
L 0.5521653 0.7234252 0.6033465 0.7234252 1 P 0
L 0.5521653 0.7490158 0.6033465 0.7490158 1 P 0
L 0.5521653 0.7549212 0.5521653 0.7805118 1 P 0
L 0.5521653 0.7549212 0.6033465 0.7549212 1 P 0
L 0.5521653 0.7805118 0.6033465 0.7805118 1 P 0
L 0.5521653 0.7864173 0.5521653 0.8120079 1 P 0
L 0.5521653 0.7864173 0.6033465 0.7864173 1 P 0
L 0.5521653 0.8120079 0.6033465 0.8120079 1 P 0
L 0.5712598 0.5787402 0.5842519 0.5787402 0 P 0
L 0.5712598 0.6102362 0.5842519 0.6102362 0 P 0
L 0.5712598 0.6417323 0.5842519 0.6417323 0 P 0
L 0.5712598 0.6732283 0.5842519 0.6732283 0 P 0
L 0.5712598 0.7047244 0.5842519 0.7047244 0 P 0
L 0.5712598 0.7362205 0.5842519 0.7362205 0 P 0
L 0.5712598 0.7677165 0.5842519 0.7677165 0 P 0
L 0.5712598 0.7992126 0.5842519 0.7992126 0 P 0
L 0.5777559 0.5722441 0.5777559 0.5852363 0 P 0
L 0.5777559 0.6037401 0.5777559 0.6167323 0 P 0
L 0.5777559 0.6352362 0.5777559 0.6482284 0 P 0
L 0.5777559 0.6667322 0.5777559 0.6797244 0 P 0
L 0.5777559 0.6982283 0.5777559 0.7112205 0 P 0
L 0.5777559 0.7297244 0.5777559 0.7427166 0 P 0
L 0.5777559 0.7612204 0.5777559 0.7742126 0 P 0
L 0.5777559 0.7927165 0.5777559 0.8057087 0 P 0
L 0.5826772 0.8464567 0.5826772 0.9094488 1 P 0
L 0.5826772 0.8464567 0.6141733 0.8464567 1 P 0
L 0.5826772 0.9094488 0.6141733 0.9094488 1 P 0
L 0.5875984 0.8779528 0.609252 0.8779528 0 P 0
L 0.5905511 0.8307086 0.6299212 0.8307086 0 P 0
L 0.5984252 0.867126 0.5984252 0.8887795 0 P 0
L 0.6033465 0.5659449 0.6033465 0.5915355 1 P 0
L 0.6033465 0.5974409 0.6033465 0.6230315 1 P 0
L 0.6033465 0.628937 0.6033465 0.6545276 1 P 0
L 0.6033465 0.660433 0.6033465 0.6860236 1 P 0
L 0.6033465 0.6919291 0.6033465 0.7175197 1 P 0
L 0.6033465 0.7234252 0.6033465 0.7490158 1 P 0
L 0.6033465 0.7549212 0.6033465 0.7805118 1 P 0
L 0.6033465 0.7864173 0.6033465 0.8120079 1 P 0
L 0.6062991 0.4251968 0.6062991 0.4881889 1 P 0
L 0.6062991 0.4251968 0.6377952 0.4251968 1 P 0
L 0.6062991 0.4881889 0.6377952 0.4881889 1 P 0
L 0.6102362 0.8110236 0.6102362 0.8503937 0 P 0
L 0.6112204 0.4566929 0.632874 0.4566929 0 P 0
L 0.6141732 0.5157481 0.6141732 0.5787402 1 P 0
L 0.6141732 0.5157481 0.6456693 0.5157481 1 P 0
L 0.6141732 0.5787402 0.6456693 0.5787402 1 P 0
L 0.6141732 0.8464567 0.6141732 0.9094488 1 P 0
L 0.6141732 0.8464567 0.6456693 0.8464567 1 P 0
L 0.6141732 0.9094488 0.6456693 0.9094488 1 P 0
L 0.6141733 0.8464567 0.6141733 0.9094488 1 P 0
L 0.6151574 0.5974409 0.6151574 0.6230315 1 P 0
L 0.6151574 0.5974409 0.6663386 0.5974409 1 P 0
L 0.6151574 0.6230315 0.6663386 0.6230315 1 P 0
L 0.6161417 0.660433 0.6161417 0.6860236 1 P 0
L 0.6161417 0.660433 0.6673229 0.660433 1 P 0
L 0.6161417 0.6860236 0.6673229 0.6860236 1 P 0
L 0.6161417 0.6919291 0.6161417 0.7175197 1 P 0
L 0.6161417 0.6919291 0.6673229 0.6919291 1 P 0
L 0.6161417 0.7175197 0.6673229 0.7175197 1 P 0
L 0.6161417 0.7549212 0.6161417 0.7805118 1 P 0
L 0.6161417 0.7549212 0.6673229 0.7549212 1 P 0
L 0.6161417 0.7805118 0.6673229 0.7805118 1 P 0
L 0.6190944 0.8779528 0.640748 0.8779528 0 P 0
L 0.6190945 0.5472441 0.6407481 0.5472441 0 P 0
L 0.6220472 0.4458661 0.6220472 0.4675196 0 P 0
L 0.6299212 0.867126 0.6299212 0.8887795 0 P 0
L 0.6299213 0.5364174 0.6299213 0.5580709 0 P 0
L 0.634252 0.6102362 0.6472441 0.6102362 0 P 0
L 0.6352363 0.6732283 0.6482284 0.6732283 0 P 0
L 0.6352363 0.7047244 0.6482284 0.7047244 0 P 0
L 0.6352363 0.7677165 0.6482284 0.7677165 0 P 0
L 0.6377952 0.4251968 0.6377952 0.4881889 1 P 0
L 0.6397638 0.3848425 0.6397638 0.5049212 0 P 0
L 0.6397638 0.3848425 0.6909449 0.3848425 0 P 0
L 0.6397638 0.5049212 0.6909449 0.5049212 0 P 0
L 0.6407479 0.7834646 0.6407479 0.8464567 1 P 0
L 0.6407479 0.7834646 0.672244 0.7834646 1 P 0
L 0.6407479 0.8464567 0.672244 0.8464567 1 P 0
L 0.640748 0.6037401 0.640748 0.6167323 0 P 0
L 0.6417323 0.6667322 0.6417323 0.6797244 0 P 0
L 0.6417323 0.6982283 0.6417323 0.7112205 0 P 0
L 0.6417323 0.7612204 0.6417323 0.7742126 0 P 0
L 0.6456692 0.8149606 0.6673228 0.8149606 0 P 0
L 0.6456693 0.5157481 0.6456693 0.5787402 1 P 0
L 0.6456693 0.8464567 0.6456693 0.9094488 1 P 0
L 0.6476378 0.4448819 0.6830709 0.4448819 0 P 0
L 0.656496 0.8041339 0.656496 0.8257874 0 P 0
L 0.6653543 0.4271653 0.6653543 0.4625984 0 P 0
L 0.6663386 0.5974409 0.6663386 0.6230315 1 P 0
L 0.6673229 0.660433 0.6673229 0.6860236 1 P 0
L 0.6673229 0.6919291 0.6673229 0.7175197 1 P 0
L 0.6673229 0.7549212 0.6673229 0.7805118 1 P 0
L 0.672244 0.7834646 0.672244 0.8464567 1 P 0
L 0.6781495 0.5659449 0.6781495 0.5915355 1 P 0
L 0.6781495 0.5659449 0.7293307 0.5659449 1 P 0
L 0.6781495 0.5915355 0.7293307 0.5915355 1 P 0
L 0.6781495 0.5974409 0.6781495 0.6230315 1 P 0
L 0.6781495 0.5974409 0.7293307 0.5974409 1 P 0
L 0.6781495 0.6230315 0.7293307 0.6230315 1 P 0
L 0.6781495 0.628937 0.6781495 0.6545276 1 P 0
L 0.6781495 0.628937 0.7293307 0.628937 1 P 0
L 0.6781495 0.6545276 0.7293307 0.6545276 1 P 0
L 0.6781495 0.660433 0.6781495 0.6860236 1 P 0
L 0.6781495 0.660433 0.7293307 0.660433 1 P 0
L 0.6781495 0.6860236 0.7293307 0.6860236 1 P 0
L 0.6781495 0.7549212 0.6781495 0.7805118 1 P 0
L 0.6781495 0.7549212 0.7293307 0.7549212 1 P 0
L 0.6781495 0.7805118 0.7293307 0.7805118 1 P 0
L 0.6791338 0.691929 0.6791338 0.7175196 1 P 0
L 0.6791338 0.691929 0.730315 0.691929 1 P 0
L 0.6791338 0.7175196 0.730315 0.7175196 1 P 0
L 0.6791338 0.8494095 0.6791338 0.8750001 1 P 0
L 0.6791338 0.8494095 0.730315 0.8494095 1 P 0
L 0.6791338 0.8750001 0.730315 0.8750001 1 P 0
L 0.6870079 0.3848425 0.6870079 0.5049212 0 P 0
L 0.6870079 0.3848425 0.738189 0.3848425 0 P 0
L 0.6870079 0.5049212 0.738189 0.5049212 0 P 0
L 0.6909449 0.3848425 0.6909449 0.5049212 0 P 0
L 0.6948819 0.4448819 0.730315 0.4448819 0 P 0
L 0.6972441 0.5787402 0.7102362 0.5787402 0 P 0
L 0.6972441 0.6102362 0.7102362 0.6102362 0 P 0
L 0.6972441 0.6417323 0.7102362 0.6417323 0 P 0
L 0.6972441 0.6732283 0.7102362 0.6732283 0 P 0
L 0.6972441 0.7677165 0.7102362 0.7677165 0 P 0
L 0.6982283 0.8622048 0.7112204 0.8622048 0 P 0
L 0.6982284 0.7047243 0.7112205 0.7047243 0 P 0
L 0.7037401 0.5722441 0.7037401 0.5852363 0 P 0
L 0.7037401 0.6037401 0.7037401 0.6167323 0 P 0
L 0.7037401 0.6352362 0.7037401 0.6482284 0 P 0
L 0.7037401 0.6667322 0.7037401 0.6797244 0 P 0
L 0.7037401 0.7612204 0.7037401 0.7742126 0 P 0
L 0.7047244 0.6982282 0.7047244 0.7112204 0 P 0
L 0.7047244 0.7204724 0.7047244 0.7519685 1 P 0
L 0.7047244 0.7204724 0.7677165 0.7204724 1 P 0
L 0.7047244 0.7519685 0.7677165 0.7519685 1 P 0
L 0.7047244 0.8557087 0.7047244 0.8687009 0 P 0
L 0.707677 0.78937 0.707677 0.8405512 1 P 0
L 0.707677 0.78937 0.7332676 0.78937 1 P 0
L 0.707677 0.8405512 0.7332676 0.8405512 1 P 0
L 0.7106299 0.9438975 0.7106299 0.9694881 1 P 0
L 0.7106299 0.9438975 0.7618111 0.9438975 1 P 0
L 0.7106299 0.9694881 0.7618111 0.9694881 1 P 0
L 0.7106299 0.9753936 0.7106299 1.0009842 1 P 0
L 0.7106299 0.9753936 0.7618111 0.9753936 1 P 0
L 0.7106299 1.0009842 0.7618111 1.0009842 1 P 0
L 0.7106299 1.069882 0.7106299 1.0954726 1 P 0
L 0.7106299 1.069882 0.7618111 1.069882 1 P 0
L 0.7106299 1.0954726 0.7618111 1.0954726 1 P 0
L 0.7125984 0.4271653 0.7125984 0.4625984 0 P 0
L 0.7139762 0.8149606 0.7269684 0.8149606 0 P 0
L 0.7204723 0.8084645 0.7204723 0.8214566 0 P 0
L 0.7253937 0.7362205 0.7470472 0.7362205 0 P 0
L 0.7293307 0.5659449 0.7293307 0.5915355 1 P 0
L 0.7293307 0.5974409 0.7293307 0.6230315 1 P 0
L 0.7293307 0.628937 0.7293307 0.6545276 1 P 0
L 0.7293307 0.660433 0.7293307 0.6860236 1 P 0
L 0.7293307 0.7549212 0.7293307 0.7805118 1 P 0
L 0.7297244 1.0826773 0.7427165 1.0826773 0 P 0
L 0.7297245 0.9566928 0.7427166 0.9566928 0 P 0
L 0.7297245 0.9881889 0.7427166 0.9881889 0 P 0
L 0.730315 0.691929 0.730315 0.7175196 1 P 0
L 0.730315 0.8494095 0.730315 0.8750001 1 P 0
L 0.7332676 0.78937 0.7332676 0.8405512 1 P 0
L 0.7362205 0.7253937 0.7362205 0.7470473 0 P 0
L 0.7362205 0.9501967 0.7362205 0.9631889 0 P 0
L 0.7362205 0.9816928 0.7362205 0.994685 0 P 0
L 0.7362205 1.0761812 0.7362205 1.0891734 0 P 0
L 0.738189 0.3848425 0.738189 0.5049212 0 P 0
L 0.7391731 1.0098425 0.7391731 1.0610237 1 P 0
L 0.7391731 1.0098425 0.7647637 1.0098425 1 P 0
L 0.7391731 1.0610237 0.7647637 1.0610237 1 P 0
L 0.7391733 0.5688976 0.7391733 0.6200788 1 P 0
L 0.7391733 0.5688976 0.7647639 0.5688976 1 P 0
L 0.7391733 0.6200788 0.7647639 0.6200788 1 P 0
L 0.7391733 0.6318897 0.7391733 0.6830709 1 P 0
L 0.7391733 0.6318897 0.7647639 0.6318897 1 P 0
L 0.7391733 0.6830709 0.7647639 0.6830709 1 P 0
L 0.7401574 0.4251968 0.7401574 0.4881889 1 P 0
L 0.7401574 0.4251968 0.7716535 0.4251968 1 P 0
L 0.7401574 0.4881889 0.7716535 0.4881889 1 P 0
L 0.7450787 0.4566929 0.7667323 0.4566929 0 P 0
L 0.7454723 1.0354331 0.7584645 1.0354331 0 P 0
L 0.7454725 0.5944882 0.7584647 0.5944882 0 P 0
L 0.7454725 0.6574803 0.7584647 0.6574803 0 P 0
L 0.7519684 1.028937 0.7519684 1.0419291 0 P 0
L 0.7519686 0.5879922 0.7519686 0.6009843 0 P 0
L 0.7519686 0.6509843 0.7519686 0.6639764 0 P 0
L 0.7559055 0.4458661 0.7559055 0.4675196 0 P 0
L 0.7618111 0.9438975 0.7618111 0.9694881 1 P 0
L 0.7618111 0.9753936 0.7618111 1.0009842 1 P 0
L 0.7618111 1.069882 0.7618111 1.0954726 1 P 0
L 0.7647637 1.0098425 0.7647637 1.0610237 1 P 0
L 0.7647639 0.5688976 0.7647639 0.6200788 1 P 0
L 0.7647639 0.6318897 0.7647639 0.6830709 1 P 0
L 0.7677165 0.7204724 0.7677165 0.7519685 1 P 0
L 0.7716535 0.4251968 0.7716535 0.4881889 1 P 0
L 0.7874015 0.535433 0.7874015 1.1259842 1 P 0
L 0.7874016 0.9940945 0.7874016 1.1082677 1 P 0
L 0.7874016 0.9940945 0.9448819 0.9940945 1 P 0
L 0.7874016 1.1082677 0.9448819 1.1082677 1 P 0
L 0.8464567 1.0511811 0.8858268 1.0511811 0 P 0
L 0.8661417 1.0314961 0.8661417 1.0708661 0 P 0
L 0.9448819 0.3818897 0.9448819 1.0905511 1 P 0
L 0.9448819 0.3818897 1.6535433 0.3818897 1 P 0
L 0.9448819 0.9940945 0.9448819 1.1082677 1 P 0
L 0.9448819 1.0905511 1.6535433 1.0905511 1 P 0
L 0.964567 1.0866141 0.964567 1.1496062 1 P 0
L 0.964567 1.0866141 0.9960631 1.0866141 1 P 0
L 0.964567 1.1496062 0.9960631 1.1496062 1 P 0
L 0.9694882 1.1181102 0.9911418 1.1181102 0 P 0
L 0.980315 1.1072834 0.980315 1.1289369 0 P 0
L 0.9960631 1.0866141 0.9960631 1.1496062 1 P 0
L 0.9999999 1.0039368 0.9999999 1.0354329 1 P 0
L 0.9999999 1.0039368 1.062992 1.0039368 1 P 0
L 0.9999999 1.0354329 1.062992 1.0354329 1 P 0
L 1 0.8464566 1 0.8779527 1 P 0
L 1 0.8464566 1.0629921 0.8464566 1 P 0
L 1 0.8779527 1.0629921 0.8779527 1 P 0
L 1.0019685 1.0669291 1.0019685 1.1692913 1 P 0
L 1.0019685 1.0669291 1.1082677 1.0669291 1 P 0
L 1.0019685 1.1692913 1.1082677 1.1692913 1 P 0
L 1.0206692 1.0196849 1.0423227 1.0196849 0 P 0
L 1.0206693 0.8622046 1.0423228 0.8622046 0 P 0
L 1.031496 0.7204725 1.031496 0.7834646 1 P 0
L 1.031496 0.7204725 1.0629921 0.7204725 1 P 0
L 1.031496 0.7834646 1.0629921 0.7834646 1 P 0
L 1.031496 0.8513778 1.031496 0.8730314 0 P 0
L 1.031496 1.0088581 1.031496 1.0305117 0 P 0
L 1.0314961 0.6259842 1.0314961 0.6574803 1 P 0
L 1.0314961 0.6259842 1.0944882 0.6259842 1 P 0
L 1.0314961 0.6574803 1.0944882 0.6574803 1 P 0
L 1.0314961 0.9409448 1.0314961 0.9724409 1 P 0
L 1.0314961 0.9409448 1.0944882 0.9409448 1 P 0
L 1.0314961 0.9724409 1.0944882 0.9724409 1 P 0
L 1.0354331 1.1181102 1.0748031 1.1181102 0 P 0
L 1.0364173 0.7519685 1.0580709 0.7519685 0 P 0
L 1.0472441 0.7411418 1.0472441 0.7627953 0 P 0
L 1.0521654 0.6417322 1.0738189 0.6417322 0 P 0
L 1.0521654 0.9566928 1.0738189 0.9566928 0 P 0
L 1.0551181 1.0984252 1.0551181 1.1377952 0 P 0
L 1.062992 1.0039368 1.062992 1.0354329 1 P 0
L 1.0629921 0.6309054 1.0629921 0.652559 0 P 0
L 1.0629921 0.7204725 1.0629921 0.7834646 1 P 0
L 1.0629921 0.8464566 1.0629921 0.8779527 1 P 0
L 1.0629921 0.945866 1.0629921 0.9675196 0 P 0
L 1.0944881 0.7519686 1.0944881 0.8149607 1 P 0
L 1.0944881 0.7519686 1.1259842 0.7519686 1 P 0
L 1.0944881 0.8149607 1.0944881 0.8779528 1 P 0
L 1.0944881 0.8149607 1.1259842 0.8149607 1 P 0
L 1.0944881 0.8149607 1.1259842 0.8149607 1 P 0
L 1.0944881 0.8779528 1.1259842 0.8779528 1 P 0
L 1.0944882 0.6259842 1.0944882 0.6574803 1 P 0
L 1.0944882 0.9409448 1.0944882 0.9724409 1 P 0
L 1.0994094 0.7834646 1.121063 0.7834646 0 P 0
L 1.0994094 0.8464567 1.121063 0.8464567 0 P 0
L 1.1082677 1.0669291 1.1082677 1.1692913 1 P 0
L 1.1102362 0.7726379 1.1102362 0.7942914 0 P 0
L 1.1102362 0.83563 1.1102362 0.8572835 0 P 0
L 1.1141732 1.0866142 1.1141732 1.1496063 1 P 0
L 1.1141732 1.0866142 1.1456693 1.0866142 1 P 0
L 1.1141732 1.1496063 1.1456693 1.1496063 1 P 0
L 1.1190945 1.1181102 1.1407481 1.1181102 0 P 0
L 1.1259842 0.5944881 1.1259842 0.6259842 1 P 0
L 1.1259842 0.5944881 1.1889763 0.5944881 1 P 0
L 1.1259842 0.6259842 1.1889763 0.6259842 1 P 0
L 1.1259842 0.7519686 1.1259842 0.8149607 1 P 0
L 1.1259842 0.8149607 1.1259842 0.8779528 1 P 0
L 1.1259842 0.8464568 1.1259842 0.9094489 1 P 0
L 1.1259842 0.8464568 1.1574803 0.8464568 1 P 0
L 1.1259842 0.9094489 1.1574803 0.9094489 1 P 0
L 1.1259843 0.9409448 1.1259843 1.0039369 1 P 0
L 1.1259843 0.9409448 1.1574804 0.9409448 1 P 0
L 1.1259843 1.0039369 1.1574804 1.0039369 1 P 0
L 1.1299213 1.1072835 1.1299213 1.128937 0 P 0
L 1.1309055 0.8779528 1.1525591 0.8779528 0 P 0
L 1.1309055 0.9724409 1.1525591 0.9724409 0 P 0
L 1.1411417 1.1141733 1.1411417 1.1456694 1 P 0
L 1.1411417 1.1141733 1.2041338 1.1141733 1 P 0
L 1.1411417 1.1456694 1.2041338 1.1456694 1 P 0
L 1.1417323 0.8671261 1.1417323 0.8887796 0 P 0
L 1.1417323 0.9616141 1.1417323 0.9832676 0 P 0
L 1.1456693 1.0866142 1.1456693 1.1496063 1 P 0
L 1.1466535 0.6102362 1.168307 0.6102362 0 P 0
L 1.1535434 1.003937 1.1535434 1.0354331 1 P 0
L 1.1535434 1.003937 1.2165355 1.003937 1 P 0
L 1.1535434 1.0354331 1.2165355 1.0354331 1 P 0
L 1.1574802 0.6889763 1.1574802 0.7519684 1 P 0
L 1.1574802 0.6889763 1.1889763 0.6889763 1 P 0
L 1.1574802 0.7519683 1.1574802 0.7834644 1 P 0
L 1.1574802 0.7519683 1.2204723 0.7519683 1 P 0
L 1.1574802 0.7519684 1.1889763 0.7519684 1 P 0
L 1.1574802 0.7834644 1.2204723 0.7834644 1 P 0
L 1.1574803 0.531496 1.1574803 0.5629921 1 P 0
L 1.1574803 0.531496 1.2204724 0.531496 1 P 0
L 1.1574803 0.5629921 1.2204724 0.5629921 1 P 0
L 1.1574803 0.5994094 1.1574803 0.621063 0 P 0
L 1.1574803 0.6574802 1.1574803 0.6889763 1 P 0
L 1.1574803 0.6574802 1.2204724 0.6574802 1 P 0
L 1.1574803 0.6889763 1.2204724 0.6889763 1 P 0
L 1.1574803 0.7834645 1.1574803 0.8149606 1 P 0
L 1.1574803 0.7834645 1.2204724 0.7834645 1 P 0
L 1.1574803 0.8149605 1.1574803 0.8779526 1 P 0
L 1.1574803 0.8149605 1.1889764 0.8149605 1 P 0
L 1.1574803 0.8149606 1.2204724 0.8149606 1 P 0
L 1.1574803 0.8464568 1.1574803 0.9094489 1 P 0
L 1.1574803 0.8779526 1.1889764 0.8779526 1 P 0
L 1.1574804 0.9409448 1.1574804 1.0039369 1 P 0
L 1.161811 1.1299213 1.1834645 1.1299213 0 P 0
L 1.1624015 0.7204723 1.1840551 0.7204723 0 P 0
L 1.1624015 0.8464566 1.1840551 0.8464566 0 P 0
L 1.1692913 1.0944883 1.1692913 1.1574804 1 P 0
L 1.1692913 1.0944883 1.2007874 1.0944883 1 P 0
L 1.1692913 1.1574804 1.2007874 1.1574804 1 P 0
L 1.1726378 1.1190945 1.1726378 1.1407481 0 P 0
L 1.1732283 0.7096456 1.1732283 0.7312991 0 P 0
L 1.1732283 0.8356298 1.1732283 0.8572833 0 P 0
L 1.1742126 1.1259843 1.1958662 1.1259843 0 P 0
L 1.1742127 1.019685 1.1958662 1.019685 0 P 0
L 1.1781495 0.7677164 1.199803 0.7677164 0 P 0
L 1.1781496 0.547244 1.1998031 0.547244 0 P 0
L 1.1781496 0.6732282 1.1998031 0.6732282 0 P 0
L 1.1781496 0.7992125 1.1998031 0.7992125 0 P 0
L 1.1850394 0.468504 1.1850394 0.5000001 1 P 0
L 1.1850394 0.468504 1.2480315 0.468504 1 P 0
L 1.1850394 0.5000001 1.2480315 0.5000001 1 P 0
L 1.1850394 1.0088582 1.1850394 1.0305118 0 P 0
L 1.1850394 1.1151576 1.1850394 1.1368111 0 P 0
L 1.1883856 0.5629919 1.1883856 0.594488 1 P 0
L 1.1883856 0.5629919 1.2513777 0.5629919 1 P 0
L 1.1883856 0.594488 1.2513777 0.594488 1 P 0
L 1.1889763 0.5364172 1.1889763 0.5580708 0 P 0
L 1.1889763 0.5944881 1.1889763 0.6259842 1 P 0
L 1.1889763 0.6624014 1.1889763 0.684055 0 P 0
L 1.1889763 0.6889763 1.1889763 0.7519684 1 P 0
L 1.1889763 0.7568896 1.1889763 0.7785432 0 P 0
L 1.1889763 0.7883857 1.1889763 0.8100393 0 P 0
L 1.1889763 0.8464565 1.1889763 0.8779526 1 P 0
L 1.1889763 0.8464565 1.2519684 0.8464565 1 P 0
L 1.1889763 0.8779526 1.2519684 0.8779526 1 P 0
L 1.1889763 0.9094486 1.1889763 0.9409447 1 P 0
L 1.1889763 0.9094486 1.2519684 0.9094486 1 P 0
L 1.1889763 0.9409447 1.2519684 0.9409447 1 P 0
L 1.1889764 0.5944881 1.1889764 0.6259842 1 P 0
L 1.1889764 0.5944881 1.2519685 0.5944881 1 P 0
L 1.1889764 0.6259842 1.2519685 0.6259842 1 P 0
L 1.1889764 0.7204724 1.1889764 0.7519685 1 P 0
L 1.1889764 0.7204724 1.2519685 0.7204724 1 P 0
L 1.1889764 0.7519685 1.2519685 0.7519685 1 P 0
L 1.1889764 0.8149605 1.1889764 0.8779526 1 P 0
L 1.1889764 0.9409448 1.1889764 0.9724409 1 P 0
L 1.1889764 0.9409448 1.2519685 0.9409448 1 P 0
L 1.1889764 0.9724409 1.2519685 0.9724409 1 P 0
L 1.2007874 1.0944883 1.2007874 1.1574804 1 P 0
L 1.2027558 1.0905513 1.2027558 1.1614174 1 P 0
L 1.2027558 1.0905513 1.2381889 1.0905513 1 P 0
L 1.2027558 1.1614174 1.2381889 1.1614174 1 P 0
L 1.2027559 1.0905513 1.2027559 1.1614174 1 P 0
L 1.2027559 1.0905513 1.238189 1.0905513 1 P 0
L 1.2027559 1.1614174 1.238189 1.1614174 1 P 0
L 1.2041338 1.1141733 1.2041338 1.1456694 1 P 0
L 1.2057087 0.484252 1.2273622 0.484252 0 P 0
L 1.2090549 0.57874 1.2307084 0.57874 0 P 0
L 1.2096456 0.8622046 1.2312991 0.8622046 0 P 0
L 1.2096456 0.9251967 1.2312991 0.9251967 0 P 0
L 1.2096456 1.1259843 1.2312991 1.1259843 0 P 0
L 1.2096457 0.6102361 1.2312992 0.6102361 0 P 0
L 1.2096457 0.7362204 1.2312992 0.7362204 0 P 0
L 1.2096457 0.9566928 1.2312992 0.9566928 0 P 0
L 1.2096457 1.1259843 1.2312992 1.1259843 0 P 0
L 1.2165354 0.4734252 1.2165354 0.4950788 0 P 0
L 1.2165355 1.003937 1.2165355 1.0354331 1 P 0
L 1.2198817 0.5679132 1.2198817 0.5895668 0 P 0
L 1.2204723 0.7519683 1.2204723 0.7834644 1 P 0
L 1.2204724 0.531496 1.2204724 0.5629921 1 P 0
L 1.2204724 0.5994093 1.2204724 0.6210629 0 P 0
L 1.2204724 0.6574802 1.2204724 0.6889763 1 P 0
L 1.2204724 0.7253936 1.2204724 0.7470472 0 P 0
L 1.2204724 0.7834645 1.2204724 0.8149606 1 P 0
L 1.2204724 0.7834645 1.2204724 0.8149606 1 P 0
L 1.2204724 0.7834645 1.2834645 0.7834645 1 P 0
L 1.2204724 0.8149606 1.2834645 0.8149606 1 P 0
L 1.2204724 0.8513778 1.2204724 0.8730314 0 P 0
L 1.2204724 0.9143699 1.2204724 0.9360235 0 P 0
L 1.2204724 0.945866 1.2204724 0.9675196 0 P 0
L 1.2204724 1.1151576 1.2204724 1.1368111 0 P 0
L 1.2204724 1.1151576 1.2204724 1.1368111 0 P 0
L 1.2204725 0.6574802 1.2204725 0.6889763 1 P 0
L 1.2204725 0.6574802 1.2834646 0.6574802 1 P 0
L 1.2204725 0.6889763 1.2834646 0.6889763 1 P 0
L 1.2204725 0.8149606 1.2204725 0.8464567 1 P 0
L 1.2204725 0.8149606 1.2834646 0.8149606 1 P 0
L 1.2204725 0.8464567 1.2834646 0.8464567 1 P 0
L 1.2381889 1.0905513 1.2381889 1.1614174 1 P 0
L 1.238189 1.0905513 1.238189 1.1614174 1 P 0
L 1.2411417 0.7992126 1.2627952 0.7992126 0 P 0
L 1.2411418 0.6732282 1.2627953 0.6732282 0 P 0
L 1.2411418 0.8307086 1.2627953 0.8307086 0 P 0
L 1.2480314 0.4370079 1.2480314 0.5 1 P 0
L 1.2480314 0.4370079 1.2795275 0.4370079 1 P 0
L 1.2480314 0.5 1.2795275 0.5 1 P 0
L 1.2480315 0.468504 1.2480315 0.5000001 1 P 0
L 1.2513777 0.5629919 1.2513777 0.594488 1 P 0
L 1.2519684 0.8464565 1.2519684 0.8779526 1 P 0
L 1.2519684 0.9094486 1.2519684 0.9409447 1 P 0
L 1.2519685 0.5944881 1.2519685 0.6259842 1 P 0
L 1.2519685 0.6624014 1.2519685 0.684055 0 P 0
L 1.2519685 0.7204724 1.2519685 0.7519685 1 P 0
L 1.2519685 0.7883858 1.2519685 0.8100394 0 P 0
L 1.2519685 0.8198818 1.2519685 0.8415354 0 P 0
L 1.2519685 0.9409448 1.2519685 0.9724409 1 P 0
L 1.2529527 0.4685039 1.2746063 0.4685039 0 P 0
L 1.2637795 0.4576772 1.2637795 0.4793307 0 P 0
L 1.2657481 1.0905513 1.2657481 1.1614174 1 P 0
L 1.2657481 1.0905513 1.3011812 1.0905513 1 P 0
L 1.2657481 1.1614174 1.3011812 1.1614174 1 P 0
L 1.2677166 1.0944883 1.2677166 1.1574804 1 P 0
L 1.2677166 1.0944883 1.2992127 1.0944883 1 P 0
L 1.2677166 1.1574804 1.2992127 1.1574804 1 P 0
L 1.2726378 1.1259843 1.2942914 1.1259843 0 P 0
L 1.2726379 1.1259843 1.2942914 1.1259843 0 P 0
L 1.2795275 0.4370079 1.2795275 0.5 1 P 0
L 1.2795276 0.7362204 1.3188976 0.7362204 0 P 0
L 1.2834645 0.6259842 1.2834645 0.6889763 1 P 0
L 1.2834645 0.6259842 1.3149606 0.6259842 1 P 0
L 1.2834645 0.6889763 1.3149606 0.6889763 1 P 0
L 1.2834645 0.7834645 1.2834645 0.8149606 1 P 0
L 1.2834645 0.8149606 1.2834645 0.8779527 1 P 0
L 1.2834645 0.8149606 1.3149606 0.8149606 1 P 0
L 1.2834645 0.8779527 1.3149606 0.8779527 1 P 0
L 1.2834646 0.5314959 1.2834646 0.594488 1 P 0
L 1.2834646 0.5314959 1.3149607 0.5314959 1 P 0
L 1.2834646 0.594488 1.3149607 0.594488 1 P 0
L 1.2834646 0.5944882 1.2834646 0.6259843 1 P 0
L 1.2834646 0.5944882 1.3464567 0.5944882 1 P 0
L 1.2834646 0.6259843 1.3464567 0.6259843 1 P 0
L 1.2834646 0.6574802 1.2834646 0.6889763 1 P 0
L 1.2834646 0.8149606 1.2834646 0.8464567 1 P 0
L 1.2834646 1.1151576 1.2834646 1.1368111 0 P 0
L 1.2834646 1.1151576 1.2834646 1.1368111 0 P 0
L 1.2883858 0.562992 1.3100394 0.562992 0 P 0
L 1.2883858 0.6574802 1.3100394 0.6574802 0 P 0
L 1.2883858 0.8464566 1.3100394 0.8464566 0 P 0
L 1.2992126 0.5521652 1.2992126 0.5738187 0 P 0
L 1.2992126 0.6466535 1.2992126 0.668307 0 P 0
L 1.2992126 0.7165354 1.2992126 0.7559054 0 P 0
L 1.2992126 0.8356299 1.2992126 0.8572834 0 P 0
L 1.2992127 1.0944883 1.2992127 1.1574804 1 P 0
L 1.3011812 1.0905513 1.3011812 1.1614174 1 P 0
L 1.3041339 0.6102362 1.3257874 0.6102362 0 P 0
L 1.3149606 0.5994094 1.3149606 0.621063 0 P 0
L 1.3149606 0.6259842 1.3149606 0.6889763 1 P 0
L 1.3149606 0.8149606 1.3149606 0.8779527 1 P 0
L 1.3149606 0.8779528 1.3149606 0.9409449 1 P 0
L 1.3149606 0.8779528 1.3464567 0.8779528 1 P 0
L 1.3149606 0.9409449 1.3464567 0.9409449 1 P 0
L 1.3149607 0.5314959 1.3149607 0.594488 1 P 0
L 1.3149607 0.6889763 1.3149607 0.7204724 1 P 0
L 1.3149607 0.6889763 1.3779528 0.6889763 1 P 0
L 1.3149607 0.7204724 1.3779528 0.7204724 1 P 0
L 1.3149607 0.8149606 1.3149607 0.8779527 1 P 0
L 1.3149607 0.8149606 1.3464568 0.8149606 1 P 0
L 1.3149607 0.8779527 1.3464568 0.8779527 1 P 0
L 1.3188977 0.4685039 1.3188977 0.531496 1 P 0
L 1.3188977 0.4685039 1.3503938 0.4685039 1 P 0
L 1.3188977 0.531496 1.3503938 0.531496 1 P 0
L 1.3198819 0.8464567 1.3415355 0.8464567 0 P 0
L 1.3198819 0.9094488 1.3415355 0.9094488 0 P 0
L 1.3238189 0.5 1.3454725 0.5 0 P 0
L 1.3307087 0.8356299 1.3307087 0.8572834 0 P 0
L 1.3307087 0.8986221 1.3307087 0.9202756 0 P 0
L 1.3346457 0.4891732 1.3346457 0.5108267 0 P 0
L 1.33563 0.7047243 1.3572835 0.7047243 0 P 0
L 1.3385826 1.1023621 1.3385826 1.1338582 1 P 0
L 1.3385826 1.1023621 1.4015747 1.1023621 1 P 0
L 1.3385826 1.1338582 1.4015747 1.1338582 1 P 0
L 1.3385827 1.1023621 1.3385827 1.1338582 1 P 0
L 1.3385827 1.1023621 1.4015748 1.1023621 1 P 0
L 1.3385827 1.1338582 1.4015748 1.1338582 1 P 0
L 1.3464566 0.594488 1.3464566 0.6259841 1 P 0
L 1.3464566 0.594488 1.4094487 0.594488 1 P 0
L 1.3464566 0.6259841 1.4094487 0.6259841 1 P 0
L 1.3464566 0.6574801 1.3464566 0.6889762 1 P 0
L 1.3464566 0.6574801 1.4094487 0.6574801 1 P 0
L 1.3464566 0.6889762 1.4094487 0.6889762 1 P 0
L 1.3464566 0.7204723 1.3464566 0.7519684 1 P 0
L 1.3464566 0.7204723 1.4094487 0.7204723 1 P 0
L 1.3464566 0.7519684 1.4094487 0.7519684 1 P 0
L 1.3464566 0.8149606 1.3464566 0.8779527 1 P 0
L 1.3464566 0.8149606 1.3779527 0.8149606 1 P 0
L 1.3464566 0.8779527 1.3779527 0.8779527 1 P 0
L 1.3464567 0.5944882 1.3464567 0.6259843 1 P 0
L 1.3464567 0.6259842 1.3464567 0.6574803 1 P 0
L 1.3464567 0.6259842 1.4094488 0.6259842 1 P 0
L 1.3464567 0.6574803 1.4094488 0.6574803 1 P 0
L 1.3464567 0.6938975 1.3464567 0.7155511 0 P 0
L 1.3464567 0.7519684 1.3464567 0.7834645 1 P 0
L 1.3464567 0.7519684 1.4094488 0.7519684 1 P 0
L 1.3464567 0.7834645 1.4094488 0.7834645 1 P 0
L 1.3464567 0.8779528 1.3464567 0.9409449 1 P 0
L 1.3464568 0.8149606 1.3464568 0.8779527 1 P 0
L 1.3503938 0.4685039 1.3503938 0.531496 1 P 0
L 1.3513779 0.8464566 1.3730315 0.8464566 0 P 0
L 1.3592519 1.1181102 1.3809054 1.1181102 0 P 0
L 1.359252 1.1181102 1.3809055 1.1181102 0 P 0
L 1.3622047 0.8356299 1.3622047 0.8572834 0 P 0
L 1.3671259 0.6102361 1.3887794 0.6102361 0 P 0
L 1.3671259 0.6732282 1.3887794 0.6732282 0 P 0
L 1.3671259 0.7362204 1.3887794 0.7362204 0 P 0
L 1.367126 0.6417322 1.3887795 0.6417322 0 P 0
L 1.367126 0.7677164 1.3887795 0.7677164 0 P 0
L 1.3700787 1.1072834 1.3700787 1.128937 0 P 0
L 1.3700787 1.1072834 1.3700787 1.128937 0 P 0
L 1.3740157 0.5000001 1.3740157 0.5629922 1 P 0
L 1.3740157 0.5000001 1.4055118 0.5000001 1 P 0
L 1.3740157 0.5629922 1.4055118 0.5629922 1 P 0
L 1.3779527 0.5994093 1.3779527 0.6210629 0 P 0
L 1.3779527 0.6309054 1.3779527 0.652559 0 P 0
L 1.3779527 0.6624014 1.3779527 0.684055 0 P 0
L 1.3779527 0.7253936 1.3779527 0.7470472 0 P 0
L 1.3779527 0.7568896 1.3779527 0.7785432 0 P 0
L 1.3779527 0.8110236 1.3779527 0.8425197 1 P 0
L 1.3779527 0.8110236 1.4409448 0.8110236 1 P 0
L 1.3779527 0.8149606 1.3779527 0.8779527 1 P 0
L 1.3779527 0.8425197 1.4409448 0.8425197 1 P 0
L 1.3779528 0.6889763 1.3779528 0.7204724 1 P 0
L 1.378937 0.5314961 1.4005906 0.5314961 0 P 0
L 1.3897638 0.5206694 1.3897638 0.5423229 0 P 0
L 1.398622 0.8267717 1.4202755 0.8267717 0 P 0
L 1.4015747 1.1023621 1.4015747 1.1338582 1 P 0
L 1.4015748 1.1023621 1.4015748 1.1338582 1 P 0
L 1.4055118 0.5000001 1.4055118 0.5629922 1 P 0
L 1.4055118 0.9685039 1.4055118 1 1 P 0
L 1.4055118 0.9685039 1.4685039 0.9685039 1 P 0
L 1.4055118 1 1.4685039 1 1 P 0
L 1.4094487 0.594488 1.4094487 0.6259841 1 P 0
L 1.4094487 0.6574801 1.4094487 0.6889762 1 P 0
L 1.4094487 0.7204723 1.4094487 0.7519684 1 P 0
L 1.4094488 0.6259842 1.4094488 0.6574803 1 P 0
L 1.4094488 0.7519684 1.4094488 0.7834645 1 P 0
L 1.4094488 0.8159449 1.4094488 0.8375985 0 P 0
L 1.4261811 0.984252 1.4478346 0.984252 0 P 0
L 1.4291338 1.0826771 1.4291338 1.1614173 1 P 0
L 1.4291338 1.0826771 1.5629921 1.0826771 1 P 0
L 1.4291338 1.1614173 1.5629921 1.1614173 1 P 0
L 1.4370079 0.5944882 1.4370079 0.6259843 1 P 0
L 1.4370079 0.5944882 1.5 0.5944882 1 P 0
L 1.4370079 0.6259843 1.5 0.6259843 1 P 0
L 1.4370079 0.9734252 1.4370079 0.9950788 0 P 0
L 1.4409448 0.6850394 1.4409448 0.7480315 1 P 0
L 1.4409448 0.6850394 1.4724409 0.6850394 1 P 0
L 1.4409448 0.7480315 1.4724409 0.7480315 1 P 0
L 1.4409448 0.8110236 1.4409448 0.8425197 1 P 0
L 1.4409449 0.9055118 1.4409449 0.9370079 1 P 0
L 1.4409449 0.9055118 1.503937 0.9055118 1 P 0
L 1.4409449 0.9370079 1.503937 0.9370079 1 P 0
L 1.4458661 0.7165354 1.4675197 0.7165354 0 P 0
L 1.4566929 0.1771654 1.4566929 0.2401575 1 P 0
L 1.4566929 0.1771654 1.488189 0.1771654 1 P 0
L 1.4566929 0.2401575 1.488189 0.2401575 1 P 0
L 1.4566929 0.7057087 1.4566929 0.7273622 0 P 0
L 1.4576772 0.6102362 1.4793307 0.6102362 0 P 0
L 1.4616141 0.2086614 1.4832677 0.2086614 0 P 0
L 1.4616142 0.9212598 1.4832677 0.9212598 0 P 0
L 1.4685039 0.468504 1.4685039 0.5314961 1 P 0
L 1.4685039 0.468504 1.5 0.468504 1 P 0
L 1.4685039 0.5314961 1.5 0.5314961 1 P 0
L 1.4685039 0.5994094 1.4685039 0.621063 0 P 0
L 1.4685039 0.9685039 1.4685039 1 1 P 0
L 1.4724409 0.1978347 1.4724409 0.2194882 0 P 0
L 1.4724409 0.6850394 1.4724409 0.7480315 1 P 0
L 1.4724409 0.910433 1.4724409 0.9320866 0 P 0
L 1.4734252 0.5 1.4950788 0.5 0 P 0
L 1.4763779 1.1220472 1.515748 1.1220472 0 P 0
L 1.484252 0.4891733 1.484252 0.5108268 0 P 0
L 1.488189 0.1771654 1.488189 0.2401575 1 P 0
L 1.496063 1.1023622 1.496063 1.1417322 0 P 0
L 1.5 0.468504 1.5 0.5314961 1 P 0
L 1.5 0.5944882 1.5 0.6259843 1 P 0
L 1.503937 0.9055118 1.503937 0.9370079 1 P 0
L 1.503937 1.0826771 1.503937 1.1614173 1 P 0
L 1.503937 1.0826771 1.6377953 1.0826771 1 P 0
L 1.503937 1.1614173 1.6377953 1.1614173 1 P 0
L 1.5078741 0.7795276 1.5078741 0.8110237 1 P 0
L 1.5078741 0.7795276 1.5708662 0.7795276 1 P 0
L 1.5078741 0.8110237 1.5708662 0.8110237 1 P 0
L 1.5285434 0.7952756 1.5501969 0.7952756 0 P 0
L 1.535433 0.7244094 1.535433 0.7559055 1 P 0
L 1.535433 0.7244094 1.5984251 0.7244094 1 P 0
L 1.535433 0.7559055 1.5984251 0.7559055 1 P 0
L 1.5393701 0.531496 1.5393701 0.5944881 1 P 0
L 1.5393701 0.531496 1.5708662 0.531496 1 P 0
L 1.5393701 0.5944881 1.5708662 0.5944881 1 P 0
L 1.5393701 0.7844488 1.5393701 0.8061024 0 P 0
L 1.5413385 1.0383858 1.5413385 1.0639764 1 P 0
L 1.5413385 1.0383858 1.5925197 1.0383858 1 P 0
L 1.5413385 1.0639764 1.5925197 1.0639764 1 P 0
L 1.5442913 0.5629921 1.5659449 0.5629921 0 P 0
L 1.5511811 1.1220472 1.5905512 1.1220472 0 P 0
L 1.5551181 0.5521653 1.5551181 0.5738188 0 P 0
L 1.5561023 0.7401575 1.5777558 0.7401575 0 P 0
L 1.560433 1.0511811 1.5734251 1.0511811 0 P 0
L 1.5629921 0.4370079 1.5629921 0.5 1 P 0
L 1.5629921 0.4370079 1.5944882 0.4370079 1 P 0
L 1.5629921 0.5 1.5944882 0.5 1 P 0
L 1.5629921 1.0826771 1.5629921 1.1614173 1 P 0
L 1.5669291 0.7293307 1.5669291 0.7509843 0 P 0
L 1.5669291 1.044685 1.5669291 1.0576772 0 P 0
L 1.5669292 0.9055118 1.5669292 0.9685039 1 P 0
L 1.5669292 0.9055118 1.5984253 0.9055118 1 P 0
L 1.5669292 0.9685039 1.5984253 0.9685039 1 P 0
L 1.5679134 0.4685039 1.589567 0.4685039 0 P 0
L 1.5708661 1.1023622 1.5708661 1.1417322 0 P 0
L 1.5708662 0.531496 1.5708662 0.5944881 1 P 0
L 1.5708662 0.7795276 1.5708662 0.8110237 1 P 0
L 1.5718504 0.9370079 1.593504 0.9370079 0 P 0
L 1.5787402 0.4576772 1.5787402 0.4793307 0 P 0
L 1.5826772 0.9261811 1.5826772 0.9478346 0 P 0
L 1.5925197 1.0383858 1.5925197 1.0639764 1 P 0
L 1.5944882 0.4370079 1.5944882 0.5 1 P 0
L 1.5984251 0.7244094 1.5984251 0.7559055 1 P 0
L 1.5984253 0.9055118 1.5984253 0.9685039 1 P 0
L 1.6259842 1.0787402 1.6259842 1.1417323 1 P 0
L 1.6259842 1.0787402 1.6574803 1.0787402 1 P 0
L 1.6259842 1.1417323 1.6574803 1.1417323 1 P 0
L 1.6309055 1.1102362 1.6525591 1.1102362 0 P 0
L 1.6377953 1.0826771 1.6377953 1.1614173 1 P 0
L 1.6417323 1.0994095 1.6417323 1.121063 0 P 0
L 1.6535433 0.3818897 1.6535433 1.0905511 1 P 0
L 1.6535433 0.9133859 1.6535433 0.944882 1 P 0
L 1.6535433 0.9133859 1.7165354 0.9133859 1 P 0
L 1.6535433 0.9448818 1.6535433 0.9763779 1 P 0
L 1.6535433 0.9448818 1.7165354 0.9448818 1 P 0
L 1.6535433 0.9448819 1.6535433 0.976378 1 P 0
L 1.6535433 0.9448819 1.7165354 0.9448819 1 P 0
L 1.6535433 0.944882 1.7165354 0.944882 1 P 0
L 1.6535433 0.9763779 1.7165354 0.9763779 1 P 0
L 1.6535433 0.976378 1.6535433 1.0078741 1 P 0
L 1.6535433 0.976378 1.7165354 0.976378 1 P 0
L 1.6535433 0.976378 1.7165354 0.976378 1 P 0
L 1.6535433 1.0078741 1.7165354 1.0078741 1 P 0
L 1.6574803 1.0787402 1.6574803 1.1417323 1 P 0
L 1.6614173 1.0206693 1.6614173 1.1446851 1 P 0
L 1.6614173 1.0206693 1.7874016 1.0206693 1 P 0
L 1.6614173 1.1446851 1.7874016 1.1446851 1 P 0
L 1.6742126 0.9291339 1.6958661 0.9291339 0 P 0
L 1.6742126 0.9606299 1.6958661 0.9606299 0 P 0
L 1.6742126 0.9606299 1.6958661 0.9606299 0 P 0
L 1.6742126 0.992126 1.6958661 0.992126 0 P 0
L 1.6850394 0.9183071 1.6850394 0.9399607 0 P 0
L 1.6850394 0.9498031 1.6850394 0.9714567 0 P 0
L 1.6850394 0.9498031 1.6850394 0.9714567 0 P 0
L 1.6850394 0.9812992 1.6850394 1.0029528 0 P 0
L 1.6889763 1.0551181 1.6889763 1.0866142 1 P 0
L 1.6889763 1.0551181 1.7519684 1.0551181 1 P 0
L 1.6889763 1.0866142 1.7519684 1.0866142 1 P 0
L 1.6889763 1.1023622 1.6889763 1.1338583 1 P 0
L 1.6889763 1.1023622 1.7519684 1.1023622 1 P 0
L 1.6889763 1.1338583 1.7519684 1.1338583 1 P 0
L 1.6909449 0.4340551 1.6909449 0.5915354 1 P 0
L 1.6909449 0.4340551 1.8051181 0.4340551 1 P 0
L 1.6909449 0.5915354 1.8051181 0.5915354 1 P 0
L 1.6909449 0.5984253 1.6909449 0.7559056 1 P 0
L 1.6909449 0.5984253 1.6909449 0.7559056 1 P 0
L 1.6909449 0.5984253 1.8051181 0.5984253 1 P 0
L 1.6909449 0.5984253 1.8051181 0.5984253 1 P 0
L 1.6909449 0.7559056 1.8051181 0.7559056 1 P 0
L 1.6909449 0.7559056 1.8051181 0.7559056 1 P 0
L 1.6968504 0.4409449 1.6968504 0.5669291 1 P 0
L 1.6968504 0.4409449 1.7992126 0.4409449 1 P 0
L 1.6968504 0.5669291 1.7992126 0.5669291 1 P 0
L 1.7047244 0.2933071 1.7047244 0.4271654 1 P 0
L 1.7047244 0.2933071 1.7834646 0.2933071 1 P 0
L 1.7047244 0.4271654 1.7834646 0.4271654 1 P 0
L 1.7047244 1.0826772 1.7440945 1.0826772 0 P 0
L 1.7096456 1.0708661 1.7312991 1.0708661 0 P 0
L 1.7096456 1.1181102 1.7312991 1.1181102 0 P 0
L 1.7165354 0.9133859 1.7165354 0.944882 1 P 0
L 1.7165354 0.9448818 1.7165354 0.9763779 1 P 0
L 1.7165354 0.9448819 1.7165354 0.976378 1 P 0
L 1.7165354 0.976378 1.7165354 1.0078741 1 P 0
L 1.7204724 0.757874 1.7204724 0.8720472 1 P 0
L 1.7204724 0.757874 1.7204724 0.8720472 1 P 0
L 1.7204724 0.757874 1.8779527 0.757874 1 P 0
L 1.7204724 0.757874 1.8779527 0.757874 1 P 0
L 1.7204724 0.8720472 1.8779527 0.8720472 1 P 0
L 1.7204724 0.8720472 1.8779527 0.8720472 1 P 0
L 1.7204724 1.0600393 1.7204724 1.0816929 0 P 0
L 1.7204724 1.1072834 1.7204724 1.128937 0 P 0
L 1.7244094 1.0629921 1.7244094 1.1023622 0 P 0
L 1.7244095 0.3602363 1.7637795 0.3602363 0 P 0
L 1.7283464 0.503937 1.7677165 0.503937 0 P 0
L 1.7283465 0.5127953 1.7677165 0.5127953 0 P 0
L 1.7283465 0.6771654 1.7677165 0.6771654 0 P 0
L 1.7283465 0.6771654 1.7677165 0.6771654 0 P 0
L 1.7440945 0.3405512 1.7440945 0.3799213 0 P 0
L 1.7480315 0.4842519 1.7480315 0.523622 0 P 0
L 1.7480315 0.4931102 1.7480315 0.5324803 0 P 0
L 1.7480315 0.6574804 1.7480315 0.6968505 0 P 0
L 1.7480315 0.6574804 1.7480315 0.6968505 0 P 0
L 1.7519684 1.0551181 1.7519684 1.0866142 1 P 0
L 1.7519684 1.1023622 1.7519684 1.1338583 1 P 0
L 1.7549213 1.0925197 1.7549213 1.1437008 0 P 0
L 1.7549213 1.0925197 1.875 1.0925197 0 P 0
L 1.7549213 1.1437008 1.875 1.1437008 0 P 0
L 1.7795275 0.8149606 1.8188976 0.8149606 0 P 0
L 1.7795275 0.8149606 1.8188976 0.8149606 0 P 0
L 1.7834645 1.0551181 1.7834645 1.0866142 1 P 0
L 1.7834645 1.0551181 1.8464566 1.0551181 1 P 0
L 1.7834645 1.0866142 1.8464566 1.0866142 1 P 0
L 1.7834646 0.2933071 1.7834646 0.4271654 1 P 0
L 1.7874016 1.0206693 1.7874016 1.1446851 1 P 0
L 1.7913385 1.0196851 1.7913385 1.0826772 1 P 0
L 1.7913385 1.0196851 1.8228346 1.0196851 1 P 0
L 1.7913385 1.0826772 1.8228346 1.0826772 1 P 0
L 1.7962598 1.0511811 1.8179134 1.0511811 0 P 0
L 1.7972441 1.1181102 1.8326772 1.1181102 0 P 0
L 1.7992126 0.4409449 1.7992126 0.5669291 1 P 0
L 1.7992126 0.7952756 1.7992126 0.8346456 0 P 0
L 1.7992126 0.7952756 1.7992126 0.8346456 0 P 0
L 1.8041338 1.0708661 1.8257873 1.0708661 0 P 0
L 1.8051181 0.4340551 1.8051181 0.5915354 1 P 0
L 1.8051181 0.5984253 1.8051181 0.7559056 1 P 0
L 1.8051181 0.5984253 1.8051181 0.7559056 1 P 0
L 1.8070866 1.0403544 1.8070866 1.0620079 0 P 0
L 1.8149606 1.0600393 1.8149606 1.0816929 0 P 0
L 1.8149606 1.1003937 1.8149606 1.1358268 0 P 0
L 1.8169291 0.5354331 1.8169291 0.6929134 1 P 0
L 1.8169291 0.5354331 1.8169291 0.6929134 1 P 0
L 1.8169291 0.5354331 1.9311023 0.5354331 1 P 0
L 1.8169291 0.5354331 1.9311023 0.5354331 1 P 0
L 1.8169291 0.6929134 1.9311023 0.6929134 1 P 0
L 1.8169291 0.6929134 1.9311023 0.6929134 1 P 0
L 1.8228346 0.6929133 1.8228346 0.7559054 1 P 0
L 1.8228346 0.6929133 1.8543307 0.6929133 1 P 0
L 1.8228346 0.7559054 1.8543307 0.7559054 1 P 0
L 1.8228346 1.0196851 1.8228346 1.0826772 1 P 0
L 1.8267717 0.4370078 1.8267717 0.4999999 1 P 0
L 1.8267717 0.4370078 1.8582678 0.4370078 1 P 0
L 1.8267717 0.4999999 1.8582678 0.4999999 1 P 0
L 1.8267717 0.9468503 1.8267717 1.0767716 1 P 0
L 1.8267717 0.9468503 2.1102363 0.9468503 1 P 0
L 1.8267717 1.0767716 2.1102363 1.0767716 1 P 0
L 1.8277559 0.7244094 1.8494095 0.7244094 0 P 0
L 1.8316929 0.4685039 1.8533465 0.4685039 0 P 0
L 1.8385827 0.7135826 1.8385827 0.7352361 0 P 0
L 1.8425197 0.4576771 1.8425197 0.4793306 0 P 0
L 1.8464566 1.0551181 1.8464566 1.0866142 1 P 0
L 1.8523622 0.9202756 1.8523622 0.9458662 1 P 0
L 1.8523622 0.9202756 1.9035434 0.9202756 1 P 0
L 1.8523622 0.9458662 1.9035434 0.9458662 1 P 0
L 1.8543307 0.6141732 1.8937007 0.6141732 0 P 0
L 1.8543307 0.6141732 1.8937007 0.6141732 0 P 0
L 1.8543307 0.6929133 1.8543307 0.7559054 1 P 0
L 1.8582676 0.6929133 1.8582676 0.7559054 1 P 0
L 1.8582676 0.6929133 1.8897637 0.6929133 1 P 0
L 1.8582676 0.7559054 1.8897637 0.7559054 1 P 0
L 1.8582678 0.4370078 1.8582678 0.4999999 1 P 0
L 1.8631889 0.7244094 1.8848425 0.7244094 0 P 0
L 1.8641732 0.9990157 1.8641732 1.0246063 1 P 0
L 1.8641732 0.9990157 1.9153544 0.9990157 1 P 0
L 1.8641732 1.0246063 1.9153544 1.0246063 1 P 0
L 1.8714568 0.9330709 1.8844489 0.9330709 0 P 0
L 1.8740157 0.5944882 1.8740157 0.6338583 0 P 0
L 1.8740157 0.5944882 1.8740157 0.6338583 0 P 0
L 1.8740157 0.7135826 1.8740157 0.7352361 0 P 0
L 1.875 1.0925197 1.875 1.1437008 0 P 0
L 1.8779527 0.757874 1.8779527 0.8720472 1 P 0
L 1.8779527 0.757874 1.8779527 0.8720472 1 P 0
L 1.8779527 1.1023622 1.8779527 1.1338583 1 P 0
L 1.8779527 1.1023622 1.9409448 1.1023622 1 P 0
L 1.8779527 1.1338583 1.9409448 1.1338583 1 P 0
L 1.8779528 0.9265748 1.8779528 0.939567 0 P 0
L 1.8832677 1.011811 1.8962598 1.011811 0 P 0
L 1.8897637 0.6929133 1.8897637 0.7559054 1 P 0
L 1.8897638 1.0053149 1.8897638 1.0183071 0 P 0
L 1.8937007 0.4370079 1.8937007 0.5 1 P 0
L 1.8937007 0.4370079 1.9251968 0.4370079 1 P 0
L 1.8937007 0.5 1.9251968 0.5 1 P 0
L 1.8937007 0.6929133 1.8937007 0.7559054 1 P 0
L 1.8937007 0.6929133 1.9251968 0.6929133 1 P 0
L 1.8937007 0.7559054 1.9251968 0.7559054 1 P 0
L 1.898622 0.4685039 1.9202756 0.4685039 0 P 0
L 1.898622 0.7244094 1.9202756 0.7244094 0 P 0
L 1.898622 1.1181102 1.9202755 1.1181102 0 P 0
L 1.9035434 0.9202756 1.9035434 0.9458662 1 P 0
L 1.9094488 0.4576772 1.9094488 0.4793307 0 P 0
L 1.9094488 0.7135826 1.9094488 0.7352361 0 P 0
L 1.9094488 1.1072834 1.9094488 1.128937 0 P 0
L 1.9153544 0.9990157 1.9153544 1.0246063 1 P 0
L 1.9232284 0.9468503 1.9232284 1.0767716 1 P 0
L 1.9232284 0.9468503 2.0610236 0.9468503 1 P 0
L 1.9232284 1.0767716 2.0610236 1.0767716 1 P 0
L 1.9251968 0.4370079 1.9251968 0.5 1 P 0
L 1.9251968 0.6929133 1.9251968 0.7559054 1 P 0
L 1.9311023 0.5354331 1.9311023 0.6929134 1 P 0
L 1.9311023 0.5354331 1.9311023 0.6929134 1 P 0
L 1.9409448 0.6624015 1.9409448 0.7864173 1 P 0
L 1.9409448 0.6624015 2.0669291 0.6624015 1 P 0
L 1.9409448 0.7864173 2.0669291 0.7864173 1 P 0
L 1.9409448 1.1023622 1.9409448 1.1338583 1 P 0
L 1.9409449 0.5196851 1.9409449 0.6535434 1 P 0
L 1.9409449 0.5196851 2.0196851 0.5196851 1 P 0
L 1.9409449 0.6535434 2.0196851 0.6535434 1 P 0
L 1.9409449 0.6624015 1.9409449 0.7864173 1 P 0
L 1.9409449 0.6624015 2.0669292 0.6624015 1 P 0
L 1.9409449 0.7864173 2.0669292 0.7864173 1 P 0
L 1.9438977 1.0925197 1.9438977 1.1437008 0 P 0
L 1.9438977 1.0925197 2.0639764 1.0925197 0 P 0
L 1.9438977 1.1437008 2.0639764 1.1437008 0 P 0
L 1.948819 1.0118109 1.9881891 1.0118109 0 P 0
L 1.9557086 0.4153543 1.9557086 0.4665355 1 P 0
L 1.9557086 0.4153543 1.9812992 0.4153543 1 P 0
L 1.9557086 0.4665355 1.9812992 0.4665355 1 P 0
L 1.96063 0.5866142 2 0.5866142 0 P 0
L 1.9620078 0.4409449 1.975 0.4409449 0 P 0
L 1.9685039 0.4344489 1.9685039 0.447441 0 P 0
L 1.968504 0.9921259 1.968504 1.031496 0 P 0
L 1.972441 1.011811 2.011811 1.011811 0 P 0
L 1.980315 0.5669292 1.980315 0.6062993 0 P 0
L 1.9812992 0.4153543 1.9812992 0.4665355 1 P 0
L 1.9842519 0.7244094 2.023622 0.7244094 0 P 0
L 1.984252 0.7244094 2.0236221 0.7244094 0 P 0
L 1.9862205 1.1181102 2.0216536 1.1181102 0 P 0
L 1.992126 0.9921259 1.992126 1.031496 0 P 0
L 2.003937 0.7047243 2.003937 0.7440944 0 P 0
L 2.003937 0.7047243 2.003937 0.7440944 0 P 0
L 2.003937 1.1003937 2.003937 1.1358268 0 P 0
L 2.011811 0.6181103 2.011811 0.6496064 1 P 0
L 2.011811 0.6181103 2.0748031 0.6181103 1 P 0
L 2.011811 0.6496064 2.0748031 0.6496064 1 P 0
L 2.0196851 0.5196851 2.0196851 0.6535434 1 P 0
L 2.0295276 0.4015749 2.0295276 0.5590552 1 P 0
L 2.0295276 0.4015749 2.1437008 0.4015749 1 P 0
L 2.0295276 0.5590552 2.1437008 0.5590552 1 P 0
L 2.0324803 0.6338583 2.0541338 0.6338583 0 P 0
L 2.0433071 0.6230315 2.0433071 0.6446851 0 P 0
L 2.0610236 0.9468503 2.0610236 1.0767716 1 P 0
L 2.0639764 1.0925197 2.0639764 1.1437008 0 P 0
L 2.0669291 0.6624015 2.0669291 0.7864173 1 P 0
L 2.0669292 0.480315 2.1062992 0.480315 0 P 0
L 2.0669292 0.6624015 2.0669292 0.7864173 1 P 0
L 2.0748031 0.6181103 2.0748031 0.6496064 1 P 0
L 2.0748031 0.7244094 2.0748031 0.7874015 1 P 0
L 2.0748031 0.7244094 2.1062992 0.7244094 1 P 0
L 2.0748031 0.7874015 2.1062992 0.7874015 1 P 0
L 2.0748032 0.6614174 2.0748032 0.7244095 1 P 0
L 2.0748032 0.6614174 2.1062993 0.6614174 1 P 0
L 2.0748032 0.7244095 2.1062993 0.7244095 1 P 0
L 2.0787401 1.0866141 2.0787401 1.1496062 1 P 0
L 2.0787401 1.0866141 2.1102362 1.0866141 1 P 0
L 2.0787401 1.1496062 2.1102362 1.1496062 1 P 0
L 2.0797244 0.6929134 2.101378 0.6929134 0 P 0
L 2.0797244 0.7559055 2.101378 0.7559055 0 P 0
L 2.0836614 1.1181102 2.105315 1.1181102 0 P 0
L 2.0866142 0.46063 2.0866142 0.5000001 0 P 0
L 2.0905512 0.6820867 2.0905512 0.7037402 0 P 0
L 2.0905512 0.7450787 2.0905512 0.7667322 0 P 0
L 2.0944882 1.1072834 2.0944882 1.1289369 0 P 0
L 2.1062992 0.6614174 2.1062992 0.7244095 1 P 0
L 2.1062992 0.6614174 2.1377953 0.6614174 1 P 0
L 2.1062992 0.7244094 2.1062992 0.7874015 1 P 0
L 2.1062992 0.7244095 2.1377953 0.7244095 1 P 0
L 2.1062993 0.6614174 2.1062993 0.7244095 1 P 0
L 2.1102362 1.0866141 2.1102362 1.1496062 1 P 0
L 2.1102362 1.0866141 2.1102362 1.1496062 1 P 0
L 2.1102362 1.0866141 2.1417323 1.0866141 1 P 0
L 2.1102362 1.1496062 2.1417323 1.1496062 1 P 0
L 2.1102363 0.9468503 2.1102363 1.0767716 1 P 0
L 2.1112204 0.6929134 2.132874 0.6929134 0 P 0
L 2.1141732 0.96063 2.1141732 1.0236221 1 P 0
L 2.1141732 0.96063 2.1456693 0.96063 1 P 0
L 2.1141732 1.0236221 2.1456693 1.0236221 1 P 0
L 2.1151575 1.1181102 2.1368111 1.1181102 0 P 0
L 2.1190945 0.992126 2.1407481 0.992126 0 P 0
L 2.1220472 0.6820867 2.1220472 0.7037402 0 P 0
L 2.1259843 1.1072834 2.1259843 1.1289369 0 P 0
L 2.1299213 0.9812993 2.1299213 1.0029528 0 P 0
L 2.1377953 0.6614174 2.1377953 0.7244095 1 P 0
L 2.1417323 1.0866141 2.1417323 1.1496062 1 P 0
L 2.1437008 0.4015749 2.1437008 0.5590552 1 P 0
L 2.1456692 0.96063 2.1456692 1.0236221 1 P 0
L 2.1456692 0.96063 2.1771653 0.96063 1 P 0
L 2.1456692 1.0236221 2.1771653 1.0236221 1 P 0
L 2.1456693 0.96063 2.1456693 1.0236221 1 P 0
L 2.1496063 0.7911416 2.1496063 1.1537401 1 P 0
L 2.1496063 0.7911416 2.4094489 0.7911416 1 P 0
L 2.1496063 1.1537401 2.4094489 1.1537401 1 P 0
L 2.1505905 0.992126 2.1722441 0.992126 0 P 0
L 2.1614173 0.9812993 2.1614173 1.0029528 0 P 0
L 2.1771653 0.96063 2.1771653 1.0236221 1 P 0
L 2.1771654 0.6594488 2.1771654 0.773622 1 P 0
L 2.1771654 0.6594488 2.1771654 0.773622 1 P 0
L 2.1771654 0.6594488 2.3346457 0.6594488 1 P 0
L 2.1771654 0.6594488 2.3346457 0.6594488 1 P 0
L 2.1771654 0.773622 2.3346457 0.773622 1 P 0
L 2.1771654 0.773622 2.3346457 0.773622 1 P 0
L 2.1889764 0.7952756 2.1889764 0.8582677 1 P 0
L 2.1889764 0.7952756 2.2204725 0.7952756 1 P 0
L 2.1889764 0.8582677 2.2204725 0.8582677 1 P 0
L 2.1938976 0.8267717 2.2155512 0.8267717 0 P 0
L 2.1968505 1.0984252 2.1968505 1.1299213 1 P 0
L 2.1968505 1.0984252 2.2598426 1.0984252 1 P 0
L 2.1968505 1.1299213 2.2598426 1.1299213 1 P 0
L 2.2047244 0.8159449 2.2047244 0.8375984 0 P 0
L 2.2066929 0.4153543 2.2066929 0.6003937 1 P 0
L 2.2066929 0.4153543 2.3917323 0.4153543 1 P 0
L 2.2066929 0.6003937 2.3917323 0.6003937 1 P 0
L 2.2175198 1.1141732 2.2391733 1.1141732 0 P 0
L 2.2204725 0.7952756 2.2204725 0.8582677 1 P 0
L 2.2283465 1.1033464 2.2283465 1.125 0 P 0
L 2.2362205 0.7165354 2.2755906 0.7165354 0 P 0
L 2.2362205 0.7165354 2.2755906 0.7165354 0 P 0
L 2.2362205 0.7952756 2.2362205 0.8582677 1 P 0
L 2.2362205 0.7952756 2.2677166 0.7952756 1 P 0
L 2.2362205 0.8582677 2.2677166 0.8582677 1 P 0
L 2.2411417 0.8267717 2.2627953 0.8267717 0 P 0
L 2.2519685 0.8159449 2.2519685 0.8375984 0 P 0
L 2.2559055 0.6968504 2.2559055 0.7362204 0 P 0
L 2.2559055 0.6968504 2.2559055 0.7362204 0 P 0
L 2.2598426 0.9724409 2.2992126 0.9724409 0 P 0
L 2.2598426 1.0984252 2.2598426 1.1299213 1 P 0
L 2.2677166 0.7952756 2.2677166 0.8582677 1 P 0
L 2.2795276 0.507874 2.3188976 0.507874 0 P 0
L 2.2795276 0.9527558 2.2795276 0.9921259 0 P 0
L 2.2874015 1.0826772 2.2874015 1.1456693 1 P 0
L 2.2874015 1.0826772 2.3188976 1.0826772 1 P 0
L 2.2874015 1.1456693 2.3188976 1.1456693 1 P 0
L 2.2874016 0.7952756 2.2874016 0.8582677 1 P 0
L 2.2874016 0.7952756 2.3188977 0.7952756 1 P 0
L 2.2874016 0.8582677 2.3188977 0.8582677 1 P 0
L 2.2923228 0.8267717 2.3139764 0.8267717 0 P 0
L 2.2923228 1.1141732 2.3139764 1.1141732 0 P 0
L 2.2992126 0.488189 2.2992126 0.527559 0 P 0
L 2.3031496 0.8159449 2.3031496 0.8375984 0 P 0
L 2.3031496 1.1033465 2.3031496 1.125 0 P 0
L 2.3110236 0.6141733 2.3110236 0.6456694 1 P 0
L 2.3110236 0.6141733 2.3740157 0.6141733 1 P 0
L 2.3110236 0.6456694 2.3740157 0.6456694 1 P 0
L 2.3188976 1.0826772 2.3188976 1.1456693 1 P 0
L 2.3188977 0.7952756 2.3188977 0.8582677 1 P 0
L 2.3316929 0.6299213 2.3533464 0.6299213 0 P 0
L 2.3346457 0.6594488 2.3346457 0.773622 1 P 0
L 2.3346457 0.6594488 2.3346457 0.773622 1 P 0
L 2.3385826 1.0826772 2.3385826 1.1456693 1 P 0
L 2.3385826 1.0826772 2.3700787 1.0826772 1 P 0
L 2.3385826 1.1456693 2.3700787 1.1456693 1 P 0
L 2.3425197 0.6190945 2.3425197 0.6407481 0 P 0
L 2.3435039 1.1141732 2.3651575 1.1141732 0 P 0
L 2.3543307 1.1033465 2.3543307 1.125 0 P 0
L 2.3700787 1.0826772 2.3700787 1.1456693 1 P 0
L 2.3740157 0.6141733 2.3740157 0.6456694 1 P 0
L 2.3740158 0.6889764 2.3740158 0.7519685 1 P 0
L 2.3740158 0.6889764 2.4055119 0.6889764 1 P 0
L 2.3740158 0.7519685 2.4055119 0.7519685 1 P 0
L 2.378937 0.7204724 2.4005906 0.7204724 0 P 0
L 2.3897638 0.7096457 2.3897638 0.7312992 0 P 0
L 2.3917323 0.4153543 2.3917323 0.6003937 1 P 0
L 2.3976377 0.4763779 2.3976377 0.53937 1 P 0
L 2.3976377 0.4763779 2.4291338 0.4763779 1 P 0
L 2.3976377 0.53937 2.4291338 0.53937 1 P 0
L 2.3976378 1.0472441 2.3976378 1.1102362 1 P 0
L 2.3976378 1.0472441 2.4291339 1.0472441 1 P 0
L 2.3976378 1.1102362 2.4291339 1.1102362 1 P 0
L 2.4005905 0.4232283 2.4005905 0.4744095 1 P 0
L 2.4005905 0.4232283 2.4261811 0.4232283 1 P 0
L 2.4005905 0.4744095 2.4261811 0.4744095 1 P 0
L 2.402559 0.507874 2.4242126 0.507874 0 P 0
L 2.402559 1.0787402 2.4242126 1.0787402 0 P 0
L 2.4055118 0.5590552 2.4055118 0.6220473 1 P 0
L 2.4055118 0.5590552 2.4370079 0.5590552 1 P 0
L 2.4055118 0.6220473 2.4370079 0.6220473 1 P 0
L 2.4055119 0.6889764 2.4055119 0.7519685 1 P 0
L 2.4068897 0.4488189 2.4198819 0.4488189 0 P 0
L 2.4094489 0.7911416 2.4094489 1.1537401 1 P 0
L 2.410433 0.5905512 2.4320866 0.5905512 0 P 0
L 2.4133858 0.4423229 2.4133858 0.455315 0 P 0
L 2.4133858 0.4970472 2.4133858 0.5187007 0 P 0
L 2.4133858 1.0679134 2.4133858 1.0895669 0 P 0
L 2.4212598 0.5797245 2.4212598 0.601378 0 P 0
L 2.4212598 0.6889763 2.4212598 0.7519684 1 P 0
L 2.4212598 0.6889763 2.4527559 0.6889763 1 P 0
L 2.4212598 0.7519684 2.4527559 0.7519684 1 P 0
L 2.4261811 0.4232283 2.4261811 0.4744095 1 P 0
L 2.4261811 0.7204724 2.4478347 0.7204724 0 P 0
L 2.4291338 0.4763779 2.4291338 0.53937 1 P 0
L 2.4291339 1.0472441 2.4291339 1.1102362 1 P 0
L 2.4330709 0.4251969 2.4330709 0.488189 1 P 0
L 2.4330709 0.4251969 2.464567 0.4251969 1 P 0
L 2.4330709 0.488189 2.464567 0.488189 1 P 0
L 2.4340551 1.015748 2.4340551 1.1417323 1 P 0
L 2.4340551 1.015748 2.5580709 1.015748 1 P 0
L 2.4340551 1.1417323 2.5580709 1.1417323 1 P 0
L 2.4370079 0.5590552 2.4370079 0.6220473 1 P 0
L 2.4370079 0.7096456 2.4370079 0.7312991 0 P 0
L 2.4379921 0.4566929 2.4596457 0.4566929 0 P 0
L 2.4488189 0.4458662 2.4488189 0.4675197 0 P 0
L 2.451378 0.8011811 2.451378 0.8681103 1 P 0
L 2.451378 0.8011811 2.517126 0.8011811 1 P 0
L 2.451378 0.8681103 2.517126 0.8681103 1 P 0
L 2.4527558 0.6889763 2.4527558 0.7519684 1 P 0
L 2.4527558 0.6889763 2.4842519 0.6889763 1 P 0
L 2.4527558 0.7519684 2.4842519 0.7519684 1 P 0
L 2.4527559 0.6889763 2.4527559 0.7519684 1 P 0
L 2.4527559 0.7598425 2.4527559 0.8858267 1 P 0
L 2.4527559 0.7598425 2.5551181 0.7598425 1 P 0
L 2.4527559 0.8858267 2.5551181 0.8858267 1 P 0
L 2.452756 0.6968504 2.452756 0.7283465 1 P 0
L 2.452756 0.6968504 2.5157481 0.6968504 1 P 0
L 2.452756 0.7283465 2.452756 0.7598426 1 P 0
L 2.452756 0.7283465 2.5157481 0.7283465 1 P 0
L 2.452756 0.7283465 2.5157481 0.7283465 1 P 0
L 2.452756 0.7598426 2.5157481 0.7598426 1 P 0
L 2.452756 0.8858267 2.452756 0.9173228 1 P 0
L 2.452756 0.8858267 2.5157481 0.8858267 1 P 0
L 2.452756 0.9173228 2.5157481 0.9173228 1 P 0
L 2.4576771 0.7204724 2.4793307 0.7204724 0 P 0
L 2.4586614 0.7706692 2.4586614 0.7962598 1 P 0
L 2.4586614 0.7706692 2.5098426 0.7706692 1 P 0
L 2.4586614 0.7962598 2.5098426 0.7962598 1 P 0
L 2.4586614 0.9202755 2.4586614 0.9458661 1 P 0
L 2.4586614 0.9202755 2.5098426 0.9202755 1 P 0
L 2.4586614 0.9458661 2.5098426 0.9458661 1 P 0
L 2.4586614 0.9478346 2.4586614 0.9734252 1 P 0
L 2.4586614 0.9478346 2.5098426 0.9478346 1 P 0
L 2.4586614 0.9734252 2.5098426 0.9734252 1 P 0
L 2.4645669 0.8346457 2.503937 0.8346457 0 P 0
L 2.464567 0.4251969 2.464567 0.488189 1 P 0
L 2.4685039 0.7096456 2.4685039 0.7312991 0 P 0
L 2.4734253 0.7125984 2.4950788 0.7125984 0 P 0
L 2.4734253 0.7440945 2.4950788 0.7440945 0 P 0
L 2.4734253 0.9015748 2.4950788 0.9015748 0 P 0
L 2.4763779 1.0787402 2.515748 1.0787402 0 P 0
L 2.4777559 0.7834645 2.490748 0.7834645 0 P 0
L 2.4777559 0.9330708 2.490748 0.9330708 0 P 0
L 2.4777559 0.9606299 2.490748 0.9606299 0 P 0
L 2.4842519 0.6889763 2.4842519 0.7519684 1 P 0
L 2.4842519 0.6889763 2.4842519 0.7519684 1 P 0
L 2.4842519 0.6889763 2.515748 0.6889763 1 P 0
L 2.4842519 0.7519684 2.515748 0.7519684 1 P 0
L 2.484252 0.7017716 2.484252 0.7234252 0 P 0
L 2.484252 0.7332677 2.484252 0.7549213 0 P 0
L 2.484252 0.7769684 2.484252 0.7899606 0 P 0
L 2.484252 0.8149607 2.484252 0.8543307 0 P 0
L 2.484252 0.8228346 2.5236221 0.8228346 0 P 0
L 2.484252 0.890748 2.484252 0.9124016 0 P 0
L 2.484252 0.9265747 2.484252 0.9395669 0 P 0
L 2.484252 0.9541338 2.484252 0.967126 0 P 0
L 2.488189 1.1299212 2.488189 1.1614173 1 P 0
L 2.488189 1.1299212 2.5511811 1.1299212 1 P 0
L 2.488189 1.1614173 2.5511811 1.1614173 1 P 0
L 2.4891732 0.7204724 2.5108268 0.7204724 0 P 0
L 2.496063 1.0590551 2.496063 1.0984252 0 P 0
L 2.5 0.7096456 2.5 0.7312991 0 P 0
L 2.503937 0.8031495 2.503937 0.8425196 0 P 0
L 2.5088583 1.1456693 2.5305118 1.1456693 0 P 0
L 2.5098426 0.7706692 2.5098426 0.7962598 1 P 0
L 2.5098426 0.9202755 2.5098426 0.9458661 1 P 0
L 2.5098426 0.9478346 2.5098426 0.9734252 1 P 0
L 2.515748 0.6889763 2.515748 0.7519684 1 P 0
L 2.5157481 0.6968504 2.5157481 0.7283465 1 P 0
L 2.5157481 0.7283465 2.5157481 0.7598426 1 P 0
L 2.5157481 0.8858267 2.5157481 0.9173228 1 P 0
L 2.517126 0.8011811 2.517126 0.8681103 1 P 0
L 2.519685 1.1348425 2.519685 1.1564961 0 P 0
L 2.535433 0.5433071 2.535433 0.6062992 1 P 0
L 2.535433 0.5433071 2.5669291 0.5433071 1 P 0
L 2.535433 0.6062992 2.5669291 0.6062992 1 P 0
L 2.5403543 0.5748031 2.5620079 0.5748031 0 P 0
L 2.5413385 0.6092519 2.5413385 0.6348425 1 P 0
L 2.5413385 0.6092519 2.5925197 0.6092519 1 P 0
L 2.5413385 0.6348425 2.5925197 0.6348425 1 P 0
L 2.5433071 0.459252 2.5433071 0.959252 1 P 0
L 2.5433071 0.459252 3.1023622 0.459252 1 P 0
L 2.5433071 0.959252 3.1023622 0.959252 1 P 0
L 2.5466535 0.8897637 2.5466535 0.9212598 1 P 0
L 2.5466535 0.8897637 2.6096456 0.8897637 1 P 0
L 2.5466535 0.9212598 2.5466535 0.9527559 1 P 0
L 2.5466535 0.9212598 2.6096456 0.9212598 1 P 0
L 2.5466535 0.9212598 2.6096456 0.9212598 1 P 0
L 2.5466535 0.9527559 2.6096456 0.9527559 1 P 0
L 2.5511811 0.5639764 2.5511811 0.5856299 0 P 0
L 2.5511811 1.1299212 2.5511811 1.1614173 1 P 0
L 2.5551181 0.7598425 2.5551181 0.8858267 1 P 0
L 2.5580709 1.015748 2.5580709 1.1417323 1 P 0
L 2.560433 0.6220472 2.5734251 0.6220472 0 P 0
L 2.5629922 1.0511811 2.5629922 1.1141732 1 P 0
L 2.5629922 1.0511811 2.5944883 1.0511811 1 P 0
L 2.5629922 1.1141732 2.5944883 1.1141732 1 P 0
L 2.5669291 0.5433071 2.5669291 0.6062992 1 P 0
L 2.5669291 0.6155511 2.5669291 0.6285433 0 P 0
L 2.5673228 0.9055118 2.5889763 0.9055118 0 P 0
L 2.5673228 0.9370079 2.5889763 0.9370079 0 P 0
L 2.5679134 1.0826772 2.589567 1.0826772 0 P 0
L 2.5748031 0.5433071 2.5748031 0.6062992 1 P 0
L 2.5748031 0.5433071 2.6062992 0.5433071 1 P 0
L 2.5748031 0.6062992 2.6062992 0.6062992 1 P 0
L 2.5781496 0.894685 2.5781496 0.9163386 0 P 0
L 2.5781496 0.9261811 2.5781496 0.9478347 0 P 0
L 2.5787402 1.0718504 2.5787402 1.0935039 0 P 0
L 2.5797244 0.5748031 2.601378 0.5748031 0 P 0
L 2.5905512 0.5639764 2.5905512 0.5856299 0 P 0
L 2.5925197 0.6092519 2.5925197 0.6348425 1 P 0
L 2.5944883 1.0511811 2.5944883 1.1141732 1 P 0
L 2.5984252 0.6082678 2.5984252 0.8326773 1 P 0
L 2.5984252 0.6082678 2.8228347 0.6082678 1 P 0
L 2.5984252 0.8326773 2.8228347 0.8326773 1 P 0
L 2.6062991 0.5196851 2.6062991 0.5826772 1 P 0
L 2.6062991 0.5196851 2.6377952 0.5196851 1 P 0
L 2.6062991 0.5826772 2.6377952 0.5826772 1 P 0
L 2.6062992 0.5433071 2.6062992 0.6062992 1 P 0
L 2.6096456 0.8897637 2.6096456 0.9212598 1 P 0
L 2.6096456 0.9212598 2.6096456 0.9527559 1 P 0
L 2.6112204 0.5511811 2.632874 0.5511811 0 P 0
L 2.6131889 0.8956692 2.6131889 0.9468504 1 P 0
L 2.6131889 0.8956692 2.6387795 0.8956692 1 P 0
L 2.6131889 0.9468504 2.6387795 0.9468504 1 P 0
L 2.6194881 0.9212598 2.6324803 0.9212598 0 P 0
L 2.6220472 0.5403544 2.6220472 0.5620079 0 P 0
L 2.6220473 1.0511812 2.6220473 1.1141733 1 P 0
L 2.6220473 1.0511812 2.6535434 1.0511812 1 P 0
L 2.6220473 1.1141733 2.6535434 1.1141733 1 P 0
L 2.6259842 0.9147637 2.6259842 0.9277558 0 P 0
L 2.6269685 1.0826772 2.6486221 1.0826772 0 P 0
L 2.6377952 0.5078741 2.6377952 0.5708662 1 P 0
L 2.6377952 0.5078741 2.6692913 0.5078741 1 P 0
L 2.6377952 0.5196851 2.6377952 0.5826772 1 P 0
L 2.6377952 0.5708662 2.6692913 0.5708662 1 P 0
L 2.6377953 1.0718505 2.6377953 1.093504 0 P 0
L 2.6387795 0.8956692 2.6387795 0.9468504 1 P 0
L 2.6427165 0.5393701 2.6643701 0.5393701 0 P 0
L 2.6535433 0.5285434 2.6535433 0.5501969 0 P 0
L 2.6535434 1.0511812 2.6535434 1.1141733 1 P 0
L 2.6555118 1.0226379 2.6555118 1.1427166 0 P 0
L 2.6555118 1.0226379 2.7066929 1.0226379 0 P 0
L 2.6555118 1.1427166 2.7066929 1.1427166 0 P 0
L 2.6633858 1.0826772 2.6988189 1.0826772 0 P 0
L 2.6692913 0.4330709 2.6692913 0.496063 1 P 0
L 2.6692913 0.4330709 2.7007874 0.4330709 1 P 0
L 2.6692913 0.496063 2.7007874 0.496063 1 P 0
L 2.6692913 0.5078741 2.6692913 0.5708662 1 P 0
L 2.6742126 0.4645669 2.6958662 0.4645669 0 P 0
L 2.6751968 0.9832676 2.6751968 1.0088582 1 P 0
L 2.6751968 0.9832676 2.726378 0.9832676 1 P 0
L 2.6751968 1.0088582 2.726378 1.0088582 1 P 0
L 2.6811024 1.0649607 2.6811024 1.1003938 0 P 0
L 2.6850394 0.4537402 2.6850394 0.4753937 0 P 0
L 2.6909449 0.7204726 2.730315 0.7204726 0 P 0
L 2.6942913 0.9960629 2.7072834 0.9960629 0 P 0
L 2.7007874 0.4330709 2.7007874 0.496063 1 P 0
L 2.7007874 0.9895668 2.7007874 1.002559 0 P 0
L 2.7047243 0.5078741 2.7047243 0.5708662 1 P 0
L 2.7047243 0.5078741 2.7362204 0.5078741 1 P 0
L 2.7047243 0.5708662 2.7362204 0.5708662 1 P 0
L 2.7066929 1.0226379 2.7066929 1.1427166 0 P 0
L 2.7096456 0.5393701 2.7312992 0.5393701 0 P 0
L 2.7106299 0.7007875 2.7106299 0.7401576 0 P 0
L 2.7204724 0.5285434 2.7204724 0.5501969 0 P 0
L 2.7204725 1.0511812 2.7204725 1.1141733 1 P 0
L 2.7204725 1.0511812 2.7519686 1.0511812 1 P 0
L 2.7204725 1.1141733 2.7519686 1.1141733 1 P 0
L 2.7253937 1.0826772 2.7470473 1.0826772 0 P 0
L 2.726378 0.9832676 2.726378 1.0088582 1 P 0
L 2.7362204 0.5078741 2.7362204 0.5708662 1 P 0
L 2.7362204 0.53937 2.7362204 0.5708661 1 P 0
L 2.7362204 0.53937 2.7992125 0.53937 1 P 0
L 2.7362204 0.5708661 2.7992125 0.5708661 1 P 0
L 2.7362205 0.507874 2.7362205 0.5393701 1 P 0
L 2.7362205 0.507874 2.7992126 0.507874 1 P 0
L 2.7362205 0.5393701 2.7992126 0.5393701 1 P 0
L 2.7362205 1.0718505 2.7362205 1.093504 0 P 0
L 2.7440946 0.8622048 2.7440946 0.8937009 1 P 0
L 2.7440946 0.8622048 2.8070867 0.8622048 1 P 0
L 2.7440946 0.8937009 2.8070867 0.8937009 1 P 0
L 2.75 0.9005904 2.75 0.926181 1 P 0
L 2.75 0.9005904 2.8011812 0.9005904 1 P 0
L 2.75 0.926181 2.8011812 0.926181 1 P 0
L 2.7519686 1.0511812 2.7519686 1.1141733 1 P 0
L 2.753937 1.0226379 2.753937 1.1427166 0 P 0
L 2.753937 1.0226379 2.8051181 1.0226379 0 P 0
L 2.753937 1.1427166 2.8051181 1.1427166 0 P 0
L 2.7568897 0.5551181 2.7785432 0.5551181 0 P 0
L 2.7568898 0.523622 2.7785433 0.523622 0 P 0
L 2.761811 0.9832678 2.761811 1.0088584 1 P 0
L 2.761811 0.9832678 2.8129922 0.9832678 1 P 0
L 2.761811 1.0088584 2.8129922 1.0088584 1 P 0
L 2.761811 1.0826772 2.7972441 1.0826772 0 P 0
L 2.7647639 0.8779528 2.7864174 0.8779528 0 P 0
L 2.7677165 0.5127952 2.7677165 0.5344488 0 P 0
L 2.7677165 0.5442913 2.7677165 0.5659449 0 P 0
L 2.7690946 0.9133857 2.7820867 0.9133857 0 P 0
L 2.7755906 0.867126 2.7755906 0.8887796 0 P 0
L 2.7755906 0.9068896 2.7755906 0.9198818 0 P 0
L 2.7795276 1.0649607 2.7795276 1.1003938 0 P 0
L 2.7809056 0.9960631 2.7938977 0.9960631 0 P 0
L 2.7874015 0.4330709 2.7874015 0.496063 1 P 0
L 2.7874015 0.4330709 2.8188976 0.4330709 1 P 0
L 2.7874015 0.496063 2.8188976 0.496063 1 P 0
L 2.7874016 0.989567 2.7874016 1.0025592 0 P 0
L 2.7923228 0.4645669 2.8139764 0.4645669 0 P 0
L 2.7992125 0.53937 2.7992125 0.5708661 1 P 0
L 2.7992126 0.507874 2.7992126 0.5393701 1 P 0
L 2.8011812 0.9005904 2.8011812 0.926181 1 P 0
L 2.8031496 0.4537402 2.8031496 0.4753937 0 P 0
L 2.8031496 0.709252 2.8425197 0.709252 0 P 0
L 2.8051181 1.0226379 2.8051181 1.1427166 0 P 0
L 2.8070867 0.8622048 2.8070867 0.8937009 1 P 0
L 2.8129922 0.9832678 2.8129922 1.0088584 1 P 0
L 2.8188976 0.4330709 2.8188976 0.496063 1 P 0
L 2.8228347 0.6082678 2.8228347 0.8326773 1 P 0
L 2.8228347 0.689567 2.8228347 0.728937 0 P 0
L 2.8267717 0.5984252 2.8267717 0.6299213 1 P 0
L 2.8267717 0.5984252 2.8897638 0.5984252 1 P 0
L 2.8267717 0.6299213 2.8897638 0.6299213 1 P 0
L 2.8346457 0.1771653 2.8346457 0.2401574 1 P 0
L 2.8346457 0.1771653 2.8661418 0.1771653 1 P 0
L 2.8346457 0.2401574 2.8661418 0.2401574 1 P 0
L 2.8385826 1.0787402 2.8385826 1.1417323 1 P 0
L 2.8385826 1.0787402 2.8700787 1.0787402 1 P 0
L 2.8385826 1.1417323 2.8700787 1.1417323 1 P 0
L 2.8395669 0.2086614 2.8612205 0.2086614 0 P 0
L 2.8405511 0.5423228 2.8405511 0.5679134 1 P 0
L 2.8405511 0.5423228 2.8917323 0.5423228 1 P 0
L 2.8405511 0.5679134 2.8917323 0.5679134 1 P 0
L 2.8405511 0.5698819 2.8405511 0.5954725 1 P 0
L 2.8405511 0.5698819 2.8917323 0.5698819 1 P 0
L 2.8405511 0.5954725 2.8917323 0.5954725 1 P 0
L 2.8415353 1.0216536 2.8415353 1.0728348 1 P 0
L 2.8415353 1.0216536 2.8671259 1.0216536 1 P 0
L 2.8415353 1.0728348 2.8671259 1.0728348 1 P 0
L 2.8435039 1.1102363 2.8651575 1.1102363 0 P 0
L 2.847441 0.6141732 2.8690945 0.6141732 0 P 0
L 2.8478345 1.0472442 2.8608267 1.0472442 0 P 0
L 2.8503937 0.1978346 2.8503937 0.2194881 0 P 0
L 2.8543306 1.0407482 2.8543306 1.0537403 0 P 0
L 2.8543307 1.0994095 2.8543307 1.121063 0 P 0
L 2.8582677 0.6033464 2.8582677 0.625 0 P 0
L 2.8596456 0.5551181 2.8726377 0.5551181 0 P 0
L 2.8596456 0.5826772 2.8726377 0.5826772 0 P 0
L 2.8622048 0.2637796 2.8622048 0.3267717 1 P 0
L 2.8622048 0.2637796 2.8937009 0.2637796 1 P 0
L 2.8622048 0.3267717 2.8937009 0.3267717 1 P 0
L 2.8661417 0.1771653 2.8661417 0.2401574 1 P 0
L 2.8661417 0.1771653 2.8976378 0.1771653 1 P 0
L 2.8661417 0.2401574 2.8976378 0.2401574 1 P 0
L 2.8661417 0.548622 2.8661417 0.5616142 0 P 0
L 2.8661417 0.5761811 2.8661417 0.5891733 0 P 0
L 2.8661418 0.1771653 2.8661418 0.2401574 1 P 0
L 2.8661418 0.1771653 2.8661418 0.2401574 1 P 0
L 2.8661418 0.1771653 2.8976379 0.1771653 1 P 0
L 2.8661418 0.2401574 2.8976379 0.2401574 1 P 0
L 2.8671259 1.0216536 2.8671259 1.0728348 1 P 0
L 2.867126 0.2952756 2.8887796 0.2952756 0 P 0
L 2.8700787 1.0787402 2.8700787 1.1417323 1 P 0
L 2.8700788 0.761811 2.8700788 0.7972441 1 P 0
L 2.8700788 0.761811 2.9409449 0.761811 1 P 0
L 2.8700788 0.7972441 2.9409449 0.7972441 1 P 0
L 2.871063 0.2086614 2.8927166 0.2086614 0 P 0
L 2.871063 0.2086614 2.8927166 0.2086614 0 P 0
L 2.8720472 1.0226379 2.8720472 1.1427166 0 P 0
L 2.8720472 1.0226379 2.9232283 1.0226379 0 P 0
L 2.8720472 1.1427166 2.9232283 1.1427166 0 P 0
L 2.8740158 0.8307087 2.8740158 0.8937008 1 P 0
L 2.8740158 0.8307087 2.9055119 0.8307087 1 P 0
L 2.8740158 0.8937008 2.9055119 0.8937008 1 P 0
L 2.8779527 0.6417323 2.8779527 0.7047244 1 P 0
L 2.8779527 0.6417323 2.9094488 0.6417323 1 P 0
L 2.8779527 0.7047244 2.9094488 0.7047244 1 P 0
L 2.8779528 0.2844489 2.8779528 0.3061024 0 P 0
L 2.878937 0.8622048 2.9005906 0.8622048 0 P 0
L 2.8799212 1.0826772 2.9153543 1.0826772 0 P 0
L 2.8818898 0.1978346 2.8818898 0.2194881 0 P 0
L 2.8818898 0.1978346 2.8818898 0.2194881 0 P 0
L 2.882874 0.6732283 2.9045276 0.6732283 0 P 0
L 2.8897637 0.7322834 2.8897637 0.7637795 1 P 0
L 2.8897637 0.7322834 2.9527558 0.7322834 1 P 0
L 2.8897637 0.7637795 2.9527558 0.7637795 1 P 0
L 2.8897638 0.5984252 2.8897638 0.6299213 1 P 0
L 2.8897638 0.851378 2.8897638 0.8730315 0 P 0
L 2.8917323 0.5423228 2.8917323 0.5679134 1 P 0
L 2.8917323 0.5698819 2.8917323 0.5954725 1 P 0
L 2.8937008 0.6624016 2.8937008 0.6840551 0 P 0
L 2.8937009 0.2637796 2.8937009 0.3267717 1 P 0
L 2.8946851 0.7795276 2.9163386 0.7795276 0 P 0
L 2.8976378 0.1771653 2.8976378 0.2401574 1 P 0
L 2.8976378 1.0649607 2.8976378 1.1003938 0 P 0
L 2.8976379 0.1771653 2.8976379 0.2401574 1 P 0
L 2.8996063 0.1643701 2.8996063 0.1899607 1 P 0
L 2.8996063 0.1643701 2.8996063 0.1899607 1 P 0
L 2.8996063 0.1643701 2.9507875 0.1643701 1 P 0
L 2.8996063 0.1643701 2.9507875 0.1643701 1 P 0
L 2.8996063 0.1899607 2.9507875 0.1899607 1 P 0
L 2.8996063 0.1899607 2.9507875 0.1899607 1 P 0
L 2.8996063 0.1919291 2.8996063 0.2175197 1 P 0
L 2.8996063 0.1919291 2.8996063 0.2175197 1 P 0
L 2.8996063 0.1919291 2.9507875 0.1919291 1 P 0
L 2.8996063 0.1919291 2.9507875 0.1919291 1 P 0
L 2.8996063 0.2175197 2.9507875 0.2175197 1 P 0
L 2.8996063 0.2175197 2.9507875 0.2175197 1 P 0
L 2.9055117 0.4330709 2.9055117 0.496063 1 P 0
L 2.9055117 0.4330709 2.9370078 0.4330709 1 P 0
L 2.9055117 0.496063 2.9370078 0.496063 1 P 0
L 2.9055118 0.7687008 2.9055118 0.7903543 0 P 0
L 2.9055118 0.8129922 2.9055118 0.8484253 1 P 0
L 2.9055118 0.8129922 2.9763779 0.8129922 1 P 0
L 2.9055118 0.8484253 2.9763779 0.8484253 1 P 0
L 2.9055118 0.8503937 2.9055118 0.9133858 1 P 0
L 2.9055118 0.8503937 2.9370079 0.8503937 1 P 0
L 2.9055118 0.9133858 2.9370079 0.9133858 1 P 0
L 2.9055119 0.8307087 2.9055119 0.8937008 1 P 0
L 2.9094488 0.6417323 2.9094488 0.7047244 1 P 0
L 2.9094488 0.7007873 2.9094488 0.7322834 1 P 0
L 2.9094488 0.7007873 2.9724409 0.7007873 1 P 0
L 2.9094488 0.7322834 2.9724409 0.7322834 1 P 0
L 2.910433 0.4645669 2.9320866 0.4645669 0 P 0
L 2.910433 0.7480315 2.9320865 0.7480315 0 P 0
L 2.910433 0.8818898 2.9320866 0.8818898 0 P 0
L 2.9114173 0.9832676 2.9114173 1.0088582 1 P 0
L 2.9114173 0.9832676 2.9625985 0.9832676 1 P 0
L 2.9114173 1.0088582 2.9625985 1.0088582 1 P 0
L 2.9187008 0.1771654 2.9316929 0.1771654 0 P 0
L 2.9187008 0.1771654 2.9316929 0.1771654 0 P 0
L 2.9187008 0.2047244 2.9316929 0.2047244 0 P 0
L 2.9187008 0.2047244 2.9316929 0.2047244 0 P 0
L 2.9192913 0.2194882 2.9192913 0.2450788 1 P 0
L 2.9192913 0.2194882 2.9192913 0.2450788 1 P 0
L 2.9192913 0.2194882 2.9704725 0.2194882 1 P 0
L 2.9192913 0.2194882 2.9704725 0.2194882 1 P 0
L 2.9192913 0.2450788 2.9704725 0.2450788 1 P 0
L 2.9192913 0.2450788 2.9704725 0.2450788 1 P 0
L 2.9192913 0.2470472 2.9192913 0.2726378 1 P 0
L 2.9192913 0.2470472 2.9192913 0.2726378 1 P 0
L 2.9192913 0.2470472 2.9704725 0.2470472 1 P 0
L 2.9192913 0.2470472 2.9704725 0.2470472 1 P 0
L 2.9192913 0.2726378 2.9704725 0.2726378 1 P 0
L 2.9192913 0.2726378 2.9704725 0.2726378 1 P 0
L 2.9212598 0.4537402 2.9212598 0.4753937 0 P 0
L 2.9212598 0.7372047 2.9212598 0.7588583 0 P 0
L 2.9212598 0.871063 2.9212598 0.8927165 0 P 0
L 2.9232283 1.0226379 2.9232283 1.1427166 0 P 0
L 2.9251969 0.1706693 2.9251969 0.1836615 0 P 0
L 2.9251969 0.1706693 2.9251969 0.1836615 0 P 0
L 2.9251969 0.1982283 2.9251969 0.2112205 0 P 0
L 2.9251969 0.1982283 2.9251969 0.2112205 0 P 0
L 2.9301181 0.7165354 2.9517716 0.7165354 0 P 0
L 2.9301181 0.8307087 2.9517716 0.8307087 0 P 0
L 2.9305118 0.9960629 2.9435039 0.9960629 0 P 0
L 2.9370078 0.4330709 2.9370078 0.496063 1 P 0
L 2.9370078 1.0787402 2.9370078 1.1417323 1 P 0
L 2.9370078 1.0787402 2.9685039 1.0787402 1 P 0
L 2.9370078 1.1417323 2.9685039 1.1417323 1 P 0
L 2.9370079 0.8503937 2.9370079 0.9133858 1 P 0
L 2.9370079 0.9895668 2.9370079 1.002559 0 P 0
L 2.9383858 0.2322835 2.9513779 0.2322835 0 P 0
L 2.9383858 0.2322835 2.9513779 0.2322835 0 P 0
L 2.9383858 0.2598425 2.9513779 0.2598425 0 P 0
L 2.9383858 0.2598425 2.9513779 0.2598425 0 P 0
L 2.9399605 1.0216536 2.9399605 1.0728348 1 P 0
L 2.9399605 1.0216536 2.9655511 1.0216536 1 P 0
L 2.9399605 1.0728348 2.9655511 1.0728348 1 P 0
L 2.9409449 0.7057086 2.9409449 0.7273622 0 P 0
L 2.9409449 0.761811 2.9409449 0.7972441 1 P 0
L 2.9409449 0.819882 2.9409449 0.8415355 0 P 0
L 2.9419291 1.1102363 2.9635827 1.1102363 0 P 0
L 2.9448819 0.2257874 2.9448819 0.2387796 0 P 0
L 2.9448819 0.2257874 2.9448819 0.2387796 0 P 0
L 2.9448819 0.2533464 2.9448819 0.2663386 0 P 0
L 2.9448819 0.2533464 2.9448819 0.2663386 0 P 0
L 2.9462597 1.0472442 2.9592519 1.0472442 0 P 0
L 2.9507875 0.1643701 2.9507875 0.1899607 1 P 0
L 2.9507875 0.1643701 2.9507875 0.1899607 1 P 0
L 2.9507875 0.1919291 2.9507875 0.2175197 1 P 0
L 2.9507875 0.1919291 2.9507875 0.2175197 1 P 0
L 2.9527558 0.7322834 2.9527558 0.7637795 1 P 0
L 2.9527558 1.0407482 2.9527558 1.0537403 0 P 0
L 2.9527559 1.0994095 2.9527559 1.121063 0 P 0
L 2.9625985 0.9832676 2.9625985 1.0088582 1 P 0
L 2.9655511 1.0216536 2.9655511 1.0728348 1 P 0
L 2.9685039 1.0787402 2.9685039 1.1417323 1 P 0
L 2.9704724 1.0226379 2.9704724 1.1427166 0 P 0
L 2.9704724 1.0226379 3.0216535 1.0226379 0 P 0
L 2.9704724 1.1427166 3.0216535 1.1427166 0 P 0
L 2.9704725 0.2194882 2.9704725 0.2450788 1 P 0
L 2.9704725 0.2194882 2.9704725 0.2450788 1 P 0
L 2.9704725 0.2470472 2.9704725 0.2726378 1 P 0
L 2.9704725 0.2470472 2.9704725 0.2726378 1 P 0
L 2.9724409 0.7007873 2.9724409 0.7322834 1 P 0
L 2.9744094 0.2194882 2.9744094 0.2450788 1 P 0
L 2.9744094 0.2194882 2.9744094 0.2450788 1 P 0
L 2.9744094 0.2194882 3.0255906 0.2194882 1 P 0
L 2.9744094 0.2194882 3.0255906 0.2194882 1 P 0
L 2.9744094 0.2450788 3.0255906 0.2450788 1 P 0
L 2.9744094 0.2450788 3.0255906 0.2450788 1 P 0
L 2.9744094 0.2470472 2.9744094 0.2726378 1 P 0
L 2.9744094 0.2470472 2.9744094 0.2726378 1 P 0
L 2.9744094 0.2470472 3.0255906 0.2470472 1 P 0
L 2.9744094 0.2470472 3.0255906 0.2470472 1 P 0
L 2.9744094 0.2726378 3.0255906 0.2726378 1 P 0
L 2.9744094 0.2726378 3.0255906 0.2726378 1 P 0
L 2.9763779 0.8129922 2.9763779 0.8484253 1 P 0
L 2.976378 0.8149606 2.976378 0.8779527 1 P 0
L 2.976378 0.8149606 3.0078741 0.8149606 1 P 0
L 2.976378 0.8779527 3.0078741 0.8779527 1 P 0
L 2.9783464 1.0826772 3.0137795 1.0826772 0 P 0
L 2.9812992 0.8464567 3.0029528 0.8464567 0 P 0
L 2.992126 0.8356299 2.992126 0.8572834 0 P 0
L 2.993504 0.2322835 3.0064961 0.2322835 0 P 0
L 2.993504 0.2322835 3.0064961 0.2322835 0 P 0
L 2.993504 0.2598425 3.0064961 0.2598425 0 P 0
L 2.993504 0.2598425 3.0064961 0.2598425 0 P 0
L 2.9940944 0.1643701 2.9940944 0.1899607 1 P 0
L 2.9940944 0.1643701 2.9940944 0.1899607 1 P 0
L 2.9940944 0.1643701 3.0452756 0.1643701 1 P 0
L 2.9940944 0.1643701 3.0452756 0.1643701 1 P 0
L 2.9940944 0.1899607 3.0452756 0.1899607 1 P 0
L 2.9940944 0.1899607 3.0452756 0.1899607 1 P 0
L 2.9940944 0.1919291 2.9940944 0.2175197 1 P 0
L 2.9940944 0.1919291 2.9940944 0.2175197 1 P 0
L 2.9940944 0.1919291 3.0452756 0.1919291 1 P 0
L 2.9940944 0.1919291 3.0452756 0.1919291 1 P 0
L 2.9940944 0.2175197 3.0452756 0.2175197 1 P 0
L 2.9940944 0.2175197 3.0452756 0.2175197 1 P 0
L 2.996063 1.0649607 2.996063 1.1003938 0 P 0
L 2.9980314 0.9832678 2.9980314 1.0088584 1 P 0
L 2.9980314 0.9832678 3.0492126 0.9832678 1 P 0
L 2.9980314 1.0088584 3.0492126 1.0088584 1 P 0
L 3 0.2257874 3 0.2387796 0 P 0
L 3 0.2257874 3 0.2387796 0 P 0
L 3 0.2533464 3 0.2663386 0 P 0
L 3 0.2533464 3 0.2663386 0 P 0
L 3.0078741 0.8149606 3.0078741 0.8779527 1 P 0
L 3.013189 0.1771654 3.0261811 0.1771654 0 P 0
L 3.013189 0.1771654 3.0261811 0.1771654 0 P 0
L 3.013189 0.2047244 3.0261811 0.2047244 0 P 0
L 3.013189 0.2047244 3.0261811 0.2047244 0 P 0
L 3.017126 0.9960631 3.0301181 0.9960631 0 P 0
L 3.019685 0.1706693 3.019685 0.1836615 0 P 0
L 3.019685 0.1706693 3.019685 0.1836615 0 P 0
L 3.019685 0.1982283 3.019685 0.2112205 0 P 0
L 3.019685 0.1982283 3.019685 0.2112205 0 P 0
L 3.0216535 1.0226379 3.0216535 1.1427166 0 P 0
L 3.023622 0.4330709 3.023622 0.496063 1 P 0
L 3.023622 0.4330709 3.0551181 0.4330709 1 P 0
L 3.023622 0.496063 3.0551181 0.496063 1 P 0
L 3.023622 0.989567 3.023622 1.0025592 0 P 0
L 3.0255906 0.2194882 3.0255906 0.2450788 1 P 0
L 3.0255906 0.2194882 3.0255906 0.2450788 1 P 0
L 3.0255906 0.2470472 3.0255906 0.2726378 1 P 0
L 3.0255906 0.2470472 3.0255906 0.2726378 1 P 0
L 3.0285433 0.4645669 3.0501969 0.4645669 0 P 0
L 3.035433 1.0787402 3.035433 1.1417323 1 P 0
L 3.035433 1.0787402 3.0669291 1.0787402 1 P 0
L 3.035433 1.1417323 3.0669291 1.1417323 1 P 0
L 3.0383857 1.0216536 3.0383857 1.0728348 1 P 0
L 3.0383857 1.0216536 3.0639763 1.0216536 1 P 0
L 3.0383857 1.0728348 3.0639763 1.0728348 1 P 0
L 3.0393701 0.4537402 3.0393701 0.4753937 0 P 0
L 3.0403543 1.1102363 3.0620079 1.1102363 0 P 0
L 3.0446849 1.0472442 3.0576771 1.0472442 0 P 0
L 3.0452756 0.1643701 3.0452756 0.1899607 1 P 0
L 3.0452756 0.1643701 3.0452756 0.1899607 1 P 0
L 3.0452756 0.1919291 3.0452756 0.2175197 1 P 0
L 3.0452756 0.1919291 3.0452756 0.2175197 1 P 0
L 3.0492126 0.9832678 3.0492126 1.0088584 1 P 0
L 3.051181 1.0407482 3.051181 1.0537403 0 P 0
L 3.0511811 1.0994095 3.0511811 1.121063 0 P 0
L 3.0551181 0.4330709 3.0551181 0.496063 1 P 0
L 3.059055 0.4330709 3.059055 0.496063 1 P 0
L 3.059055 0.4330709 3.0905511 0.4330709 1 P 0
L 3.059055 0.496063 3.0905511 0.496063 1 P 0
L 3.0639763 0.4645669 3.0856299 0.4645669 0 P 0
L 3.0639763 1.0216536 3.0639763 1.0728348 1 P 0
L 3.0669291 1.0787402 3.0669291 1.1417323 1 P 0
L 3.0688976 1.0226379 3.0688976 1.1427166 0 P 0
L 3.0688976 1.0226379 3.1200787 1.0226379 0 P 0
L 3.0688976 1.1427166 3.1200787 1.1427166 0 P 0
L 3.0748031 0.4537402 3.0748031 0.4753937 0 P 0
L 3.0767716 1.0826772 3.1122047 1.0826772 0 P 0
L 3.0905511 0.4330709 3.0905511 0.496063 1 P 0
L 3.0944882 1.0649607 3.0944882 1.1003938 0 P 0
L 3.1023622 0.459252 3.1023622 0.959252 1 P 0
L 3.1200787 1.0226379 3.1200787 1.1427166 0 P 0
